STRATO	N	M1	S1	COST	CENS	DOM1	X1	SOLUZ
1	7832	12.8202909172444	158.630693791759	1	0	1	1	3.18861099436085
2	13387	8.37049896911404	78.6219613606618	1	0	1	2	2.70127484274772
3	2827	104.610554659694	390.424465479109	1	0	1	3	2.83272535362845
4	21494	12.0561944811576	47.5609698747161	1	0	1	4	2.62367226011399
5	5170	424.554336194927	562.100577438311	1	0	1	5	7.45840927477135
1	22451	5.9377969682612	25.4873408348504	1	0	2	1	2
2	10945	29.3681252429861	56.5170748643087	1	0	2	2	2.14992604641722
3	14850	102.480344840646	143.407994119287	1	0	2	3	7.40163890937012
4	7403	310.224113848284	379.00235708721	1	0	2	4	9.75164178288091
1	39325	18.9559155303644	89.4775735677453	1	0	3	1	6.63118164016709
2	9856	71.6780972698494	155.786637305936	1	0	3	2	2.89360264204323
3	6919	199.054779102415	435.426051677429	1	0	3	3	5.67761231822295
4	12540	178.913450077462	299.102820103119	1	0	3	4	7.06848008469679
5	10098	598.997506505707	754.93667409378	1	0	3	5	14.3665961663885
1	9570	98.5870967063069	321.749343445525	1	0	4	1	2
2	880	2112.67985742526	5998.0431574542	1	0	4	2	2
3	18271	128.567063068399	229.676627229046	1	0	4	3	2
1	14586	40.6072497509716	80.9746917476126	1	0	5	1	2
2	1859	649.398095722845	837.650140242606	1	0	5	2	2
3	5027	68.1523499939965	218.8117566205	1	0	5	3	2
4	1815	1129.09731162503	2132.88484634047	1	0	5	4	3.9391029683553
5	14047	140.679081219696	384.784728470903	1	0	5	5	5.49989888371739
