STRATO	N	M1	S1	COST	CENS	DOM1	X1	SOLUZ
1	71	4571.22131413743	3995.37856110353	1	0	1	1	33.5261963184521
2	280	2194.02535277088	1770.18162633585	1	0	1	2	58.5792571660765
3	195	1350.1853208626	1280.74678926854	1	0	1	3	29.5165699208446
4	910	582.461752194941	586.675034097082	1	0	1	4	63.09675139996
5	1085	832.248570420698	1544.55254167403	1	0	1	5	198.061664631832
6	1149	397.798655855871	542.433352021672	1	0	1	6	73.6604577766499
7	3895	168.414713269572	301.665796179629	1	0	1	7	138.867793019321
8	8658	8.58111291201075	30.4835244931741	1	0	1	8	31.192541399755
9	6375	0.344994421082959	2.6583938825471	1	0	1	9	2.00293805547402
