STRATO	N	M1	S1	COST	CENS	DOM1	X1	SOLUZ
1	11231	3.73674957227977	26.8133630614912	1	0	1	1	2.05196059029189
2	1540	602.699531875335	3492.77832749076	1	0	1	2	36.651440140328
3	10802	44.6631192460997	571.428705157798	1	0	1	3	42.0596375138878
4	96118	5.74281356856534	62.882745665331	1	0	1	4	41.1846634353812
5	19184	46.4146889924957	170.102827608695	1	0	1	5	22.2356586434597
6	9273	188.053015455273	910.140084410843	1	0	1	6	57.5079387263079
7	52085	134.500564009477	419.294517520411	1	0	1	7	148.809669412186
8	28413	598.680270386401	977.627352938786	1	0	1	8	189.273465992183
9	22506	1770.02241704623	1710.39378998792	1	0	1	9	262.29724262936
