STRATO	N	M1	S1	COST	CENS	DOM1	X1	SOLUZ
1	11143	3.38561265856793	51.9149162904166	1	0	1	1	2
2	10890	79.3823727780069	845.091247383282	1	0	1	2	14.0575484191104
3	117073	3.98292445028134	93.3303544995907	1	0	1	3	16.6900549785872
4	13717	75.4614702786661	688.206974062851	1	0	1	4	14.4197029038137
5	30558	332.885678705076	2486.88153229611	1	0	1	5	116.080194833364
6	37785	8.89641035865747	68.3136713408077	1	0	1	6	3.94280371512174
7	6996	1047.61156113989	4479.18492085012	1	0	1	7	47.8659736942063
8	6193	3614.55054185803	8927.94324833055	1	0	1	8	84.4560188568028
9	16797	11881.9388135869	15855.7380333742	1	0	1	9	406.814373182602
