STRATO	N	M1	S1	COST	CENS	DOM1	X1	SOLUZ
1	48	5137.05658027569	4587.19992091353	1	0	1	1	30.9267133197104
2	211	2441.12353095231	1993.61280399747	1	0	1	2	59.0837609929654
3	601	1175.68955729848	1121.86669893415	1	0	1	3	94.7023142194602
4	804	473.714727280732	462.546698960671	1	0	1	4	52.2343864426151
5	1280	769.214168003757	1442.58144512224	1	0	1	5	259.355328233912
6	4042	213.748991570479	362.068671288155	1	0	1	6	205.556928900794
7	1196	64.2511484366742	112.588791592604	1	0	1	7	18.9134693794387
8	7497	6.28011024714049	24.7557012787918	1	0	1	8	26.067993706722
9	6939	0.451744813605738	3.53111040860454	1	0	1	9	3.44154179119315
