STRATO	N	M1	S1	COST	CENS	DOM1	X1	SOLUZ
1	96	4326.99073178671	3975.79053367518	1	0	1	1	42.4067396674307
2	239	2195.18140972688	2016.03153902663	1	0	1	2	53.5347006650154
3	1035	764.612194356611	1183.69959626256	1	0	1	3	136.120020253676
4	302	1359.18423463942	2111.34235709996	1	0	1	4	70.8444379600167
5	1203	669.618966320885	927.343457234689	1	0	1	5	123.949961242773
6	1865	314.681953265775	464.157921202563	1	0	1	6	96.1799968083702
7	3165	135.938220359151	247.879618165627	1	0	1	7	87.1675197083524
8	3369	13.5669499625239	41.5437640399249	1	0	1	8	15.5505949604751
9	11558	1.77254291980373	12.2143036479561	1	0	1	9	15.6852540868677
