STRATO	N	M1	S1	COST	CENS	DOM1	X1	SOLUZ
1	2640	547.423110217483	598.078500293457	1	0	1	1	2.35094716958861
2	10571	92.5285793567	263.433250818251	1	0	1	2	4.14636391469716
3	27995	401.566683037409	1779.67639663675	1	0	1	3	74.1826365380206
4	4081	1581.63756254765	5501.30623496114	1	0	1	4	33.4282135562331
5	5423	475.134964192379	1657.11192431917	1	0	1	5	13.3804955858535
1	19371	682.882833573768	2160.67068961755	1	0	2	1	20.4674390048031
2	3388	2863.68219320079	15780.1207320185	1	0	2	2	26.1442752023893
3	29271	82.0740161979237	451.775719840673	1	0	2	3	6.46670916544937
4	3619	527.173923394332	4036.28933211093	1	0	2	4	7.14321556519422
1	14762	167.254913313709	1029.6912327107	1	0	3	1	40.1525785738476
2	4301	422.891377637313	3485.42434590028	1	0	3	2	39.5991922921157
3	21571	29.8491342215029	141.925332524663	1	0	3	3	8.08707412731759
4	38104	117.439939397402	397.404671923636	1	0	3	4	40.0004393597457
1	11077	6.68025519299456	9.91379903279296	1	0	4	1	21.2364051507386
2	3102	20.2074655631964	31.5697671675532	1	0	4	2	18.9379038855123
3	2783	7.13507927989636	9.29535895650407	1	0	4	3	5.00262682440359
4	11759	9.05252026378344	20.5305831864034	1	0	4	4	46.6864027292803
1	4774	5.15381707438201	3.65524284985045	1	0	5	1	17.0435015172939
2	5324	3.244511326174	2.48243315186875	1	0	5	2	12.9085000845566
3	9658	1.14412041333497	1.0181617301895	1	0	5	3	9.60426518373389
4	17578	0.471262950081425	0.59128207767065	1	0	5	4	10.1513627725468
