STRATO	N	M1	S1	COST	CENS	DOM1	X1	SOLUZ
1	7634	1391.73111292786	1312.05385793748	1	0	1	1	44.1197190018245
2	3674	3144.43928171526	2150.30164402242	1	0	1	2	34.7990556455436
3	34705	1126.61655034995	1388.31607060532	1	0	1	3	212.23124376323
4	24926	852.439436799752	827.325467804467	1	0	1	4	90.8359795381215
5	25267	329.921568098877	564.365542702855	1	0	1	5	62.8120676842826
6	57706	74.1992299769919	426.814264224177	1	0	1	6	108.489776920909
7	30954	43.1334323952933	151.674676335024	1	0	1	7	20.6803923841835
8	40788	13.8499067715662	37.3360265779631	1	0	1	8	6.7079439831975
9	20955	119.543432773341	399.169266958707	1	0	1	9	36.8445860202468
