STRATO	N	M1	S1	COST	CENS	DOM1	X1	SOLUZ
1	1463	20.2132653667918	167.815426794429	1	0	1	1	2
2	9669	4.26460987626021	23.613875163679	1	0	1	2	2
3	12529	58.318155350688	592.747418125631	1	0	1	3	50.8222393257542
4	98329	6.78387667309451	70.0663024741956	1	0	1	4	47.1474858466571
5	29150	98.0322855036231	286.008805095663	1	0	1	5	57.0539450427768
6	19327	294.770651448245	618.007255658616	1	0	1	6	81.7383256671893
7	4411	1540.21441902199	5277.16240733274	1	0	1	7	159.296133507025
8	42790	160.654681539413	399.907485678059	1	0	1	8	117.103408681054
9	33484	1270.26469325925	1167.1236088831	1	0	1	9	267.437253917973
