STRATO	N	M1	S1	COST	CENS	DOM1	X1	SOLUZ
1	3905	6.44355642684719	23.4088586304254	1	0	1	1	2
2	24673	21.1177079896069	167.331192379613	1	0	1	2	37.2197002188619
3	94182	19.9593294443734	73.3611595473729	1	0	1	3	62.2885329311349
4	45485	187.673608085568	356.832913893227	1	0	1	4	146.321152017928
5	6567	74.5241889590297	163.01228495606	1	0	1	5	9.65075649121226
6	1155	1467.65777510615	4459.14863086109	1	0	1	6	46.4309894773876
7	27379	57.7009341676325	126.850795968653	1	0	1	7	31.3101237967686
8	18216	103.264442642843	351.294236418146	1	0	1	8	57.6896691682022
9	25047	453.279348086855	642.427411722161	1	0	1	9	145.062041677612
