STRATO	N	M1	S1	COST	CENS	DOM1	X1	SOLUZ
1	44044	0.277232484138737	0.291452597900692	1	0	1	1	2
2	19305	4.95684014032534	20.4994493639922	1	0	1	2	6.97989081971554
3	85008	1.71266785276882	3.20668311461358	1	0	1	3	4.80786728824559
4	54593	10.1052884523324	19.2663370713661	1	0	1	4	18.5512313854419
5	33539	140.318401305295	258.465333351574	1	0	1	5	152.893505777224
6	3190	581.251004795859	692.152955141737	1	0	1	6	38.9429985366167
7	7018	1179.33601136642	1789.77270743122	1	0	1	7	221.537817470681
8	2343	1766.06508973367	4264.9303123002	1	0	1	8	176.246643836729
9	2112	343.457503366014	763.370419710887	1	0	1	9	28.4358273604605
