STRATO	N	M1	S1	COST	CENS	DOM1	X1	SOLUZ
1	15103	15.1509846998533	53.2025811239572	1	0	1	1	5.2537885575443
2	42075	75.4386163849094	243.11368147441	1	0	1	2	66.8821445068392
3	3850	142.842721289193	673.039678638592	1	0	1	3	16.9425221993488
4	6138	528.09805159737	3036.87151725362	1	0	1	4	121.87930463494
5	25256	196.536262422748	1188.18763455811	1	0	1	5	196.212315342663
6	29887	24.2852106498292	66.5053633471883	1	0	1	6	12.9961782533367
7	23661	89.6315201673137	302.523521272546	1	0	1	7	46.8024844495276
8	26576	340.928500868765	1353.41805078505	1	0	1	8	235.178840514713
9	78606	64.2711555933178	215.758541071208	1	0	1	9	110.892036476725
