STRATO	N	M1	S1	COST	CENS	DOM1	X1	SOLUZ
1	4029	0.317983503121061	0.330305015810259	1	0	1	1	2
2	7333	2.33994528289075	11.308122282955	1	0	1	2	16.0116055390976
3	6835	8.20772344309026	16.7821418597376	1	0	1	3	22.1487187249779
4	3128	134.004920985643	234.716933611135	1	0	1	4	141.766581909969
5	382	643.944920944429	911.649167875958	1	0	1	5	67.2440409474897
6	151	2152.88737016027	3139.3984917364	1	0	1	6	91.534769808764
7	253	1072.96180610989	1312.70419492299	1	0	1	7	64.1283543684261
8	366	1349.84106225889	3573.27995082816	1	0	1	8	252.528750070152
9	141	218.239293263264	294.88393021119	1	0	1	9	8.02847242344227
