STRATO	N	M1	S1	COST	CENS	DOM1	X1	SOLUZ
1	264	0.0176640397547066	0.0496748092021626	1	0	1	1	2
2	9294	0.0571275197870031	0.195946566104949	1	0	1	2	2
3	2839	0.572635102118387	0.902673311142022	1	0	1	3	2
4	2757	1.08419526368325	1.55331963197314	1	0	1	4	3.02023945545577
5	2448	2.51278588361279	2.94055707024997	1	0	1	5	5.07673863788047
6	1452	5.38233801444685	5.61672830556647	1	0	1	6	5.75166803642346
7	1053	17.1941848533437	7.4065862459878	1	0	1	7	5.50034885293209
8	1421	25.5060078958221	9.77488647643261	1	0	1	8	9.79601811711163
9	1811	5.36954812367487	8.84117511721858	1	0	1	9	11.2920351792649
