STRATO	N	M1	S1	COST	CENS	DOM1	X1	SOLUZ
1	4411	0.29724741231729	0.135754547111619	1	0	1	1	8.0342219561609
2	25982	0.171680666695038	0.0785835062124071	1	0	1	2	27.3940575032222
3	4972	0.289796514811871	0.141675899504681	1	0	1	3	9.4510373864206
4	10626	0.462580966978217	0.28675281276268	1	0	1	4	40.8817878961091
5	4719	0.731889088187183	0.679230263668716	1	0	1	5	43.0050431609892
1	4829	1.47473509144809	1.56581463548958	1	0	2	1	2.69682753249968
2	880	4.81697656550898	8.09231090435168	1	0	2	2	2.53986627791304
3	3828	11.8300120168249	33.7137418304866	1	0	2	3	46.0293143582161
4	3861	4.13179873292051	7.42548080009629	1	0	2	4	10.2253928219865
5	42251	1.89545522566322	1.8426607359256	1	0	2	5	27.7675775887009
1	36289	1.24922624441524	1.82715304520865	1	0	3	1	13.4904038301045
2	39039	8.39012290476252	10.9646420671701	1	0	3	2	87.0899752359009
3	1870	34.8276727539511	90.1206169206497	1	0	3	3	34.2878920269035
4	1540	12.0539151650659	25.308457327454	1	0	3	4	7.92978510100918
1	16698	7.16437394062159	6.44226794835102	1	0	4	1	3.2073681943551
2	2178	22.5930492094487	30.7108558858858	1	0	4	2	2
3	5687	125.840231785184	271.256987332604	1	0	4	3	45.9949064275327
4	4158	110.494453232116	172.200729330114	1	0	4	4	21.348386108507
1	13376	79.7985828897803	135.983814213397	1	0	5	1	5.1093463248966
2	1914	200.965589577858	369.270829027831	1	0	5	2	2
3	11231	381.360918534943	671.665423109051	1	0	5	3	21.1896255202754
4	10813	1354.05363866002	2832.35691433197	1	0	5	4	86.0292318142996
