STRATO	N	M1	S1	COST	CENS	DOM1	X1	SOLUZ
1	989	205.030407953889	378.686334539835	1	0	1	1	9.54690497671994
2	260	612.617328941606	2501.85095482055	1	0	1	2	16.5814099437317
3	374	1092.20361044219	6222.66400763266	1	0	1	3	59.3245741218494
4	3939	486.215371159931	1381.3863183165	1	0	1	4	138.703623321929
5	343	2201.45175818383	12154.4226382205	1	0	1	5	106.271088478915
6	215	462.20505417581	2546.50008000571	1	0	1	6	13.9562528516643
7	2964	180.021180855447	865.353003712907	1	0	1	7	65.3819967778762
8	5289	79.3065217420093	432.41258091885	1	0	1	8	58.2986587465467
9	8245	4.05815368668464	16.7000297237325	1	0	1	9	3.50989867432034
