STRATO	N	M1	S1	COST	CENS	DOM1	X1	SOLUZ
1	6017	1419.01622966895	1356.45330107787	1	0	1	1	43.3610093314063
2	3894	2916.70399266846	2212.92342578016	1	0	1	2	45.7801127550933
3	27940	1156.82375803687	1489.01223986702	1	0	1	3	221.023877742467
4	19492	1066.97123092102	935.458844883733	1	0	1	4	96.8714081843341
5	27632	539.711754206793	638.318938849448	1	0	1	5	93.7053905136828
6	68310	103.761800648187	465.18648629118	1	0	1	6	168.820778980975
7	30701	45.502285446709	169.987562711003	1	0	1	7	27.7258068386284
8	41382	14.8943876697271	39.8997330010447	1	0	1	8	8.77194682768421
9	21241	118.530572845601	396.576270955854	1	0	1	9	44.7523873749383
