STRATO	N	M1	S1	COST	CENS	DOM1	X1	SOLUZ
1	2635	0.140591196585395	0.710344584703244	1	0	1	1	2
2	6130	3.90730281106809	5.59137489239598	1	0	1	2	35.3222090030251
3	7974	6.77978314485156	6.89176712450737	1	0	1	3	56.6337859233948
4	237	15.6217369584382	12.3933156342748	1	0	1	4	3.02694567003011
5	965	4.32529433256775	3.6367406549386	1	0	1	5	3.61666609105945
6	1517	3.76217802348684	3.99682218492262	1	0	1	6	6.24840509090836
7	1570	1.85143872923399	1.51056246023183	1	0	1	7	2.44403324717936
8	543	3.22409015244958	3.7294431319542	1	0	1	8	2.08695261467051
9	1768	5.45042707120677	5.1360431882062	1	0	1	9	9.35792795115298
