STRATO	N	M1	S1	COST	CENS	DOM1	X1	SOLUZ
1	10560	13.8664663211963	5.12565179763235	1	0	1	1	2.17892383052061
2	14465	7.92797611794774	4.02919708454156	1	0	1	2	2.34620512830292
3	22000	30.3584203571443	21.5934969972616	1	0	1	3	19.1238219746799
4	26818	107.715220474969	56.6639824070445	1	0	1	4	61.1733847837683
5	66363	154.052546901073	127.204734309831	1	0	1	5	339.827340249662
6	11649	211.397310406345	160.755416574234	1	0	1	6	75.3847139385668
7	23287	277.741328401248	175.649735737988	1	0	1	7	164.660744471221
8	42174	133.513168172193	61.7290882750673	1	0	1	8	104.800580196824
9	29293	57.5758759495943	41.0849834477553	1	0	1	9	48.4480161943526
