STRATO	N	M1	S1	COST	CENS	DOM1	X1	SOLUZ
1	10219	6.6864308680667	67.6544536267685	1	0	1	1	2
2	14410	51.0169181768045	553.041207169849	1	0	1	2	16.2807362625983
3	91993	6.16160652118622	71.1617088413374	1	0	1	3	13.37376596024
4	14553	56.3606291069088	308.795025964689	1	0	1	4	9.1806914983845
5	28666	134.530551681998	344.956401844059	1	0	1	5	20.2015119208261
6	16203	423.629523301727	725.141609779814	1	0	1	6	24.0032930172084
7	3718	1710.38485318984	5719.65329376368	1	0	1	7	43.4441853555746
8	44297	189.004989091586	443.773304765331	1	0	1	8	40.1594777855314
9	27093	1424.07383592644	1185.60727674997	1	0	1	9	65.6221600246539
