STRATO	N	M1	S1	COST	CENS	DOM1	X1	SOLUZ
1	11033	1624.77686426999	3022.97446158875	1	0	1	1	26.3886561114334
2	7711	3604.05187512697	7291.28592029817	1	0	1	2	44.4840181502012
3	17644	1339.86579331681	2293.85501161141	1	0	1	3	32.0222755383059
4	3333	2848.62136810042	6290.49053166583	1	0	1	4	16.5885720656978
5	10989	960.632266906499	2126.49684099215	1	0	1	5	18.4889433782397
1	2816	1375.15820533824	3722.53156620396	1	0	2	1	10.9632405764785
2	13706	412.413473637468	993.107210418447	1	0	2	2	14.2355669205632
3	7425	901.298892650745	2558.2506910046	1	0	2	3	19.865864219652
4	21461	1540.87763595983	4295.0812189726	1	0	2	4	96.4027093966052
5	10241	574.298120875708	884.7262592338	1	0	2	5	9.47587206115747
1	15323	1380.53841608638	3128.40683186596	1	0	3	1	31.250502504932
2	9515	3667.10379256401	9408.87693670558	1	0	3	2	58.362859054429
3	5929	952.751211071873	2346.72545849044	1	0	3	3	9.07055190970977
4	7865	1195.71844011723	4251.67397522445	1	0	3	4	21.7996067681038
5	40106	425.797731752204	965.010296933573	1	0	3	5	25.230814744105
1	1903	243.118161229995	356.71163673667	1	0	4	1	5.27392155535478
2	2112	408.160534507646	549.709198081449	1	0	4	2	9.01995805639845
3	2277	520.327879497998	991.554461874922	1	0	4	3	17.5411153316666
4	22429	295.187362161338	261.660586632717	1	0	4	4	45.5959030892691
1	17985	340.648723138913	351.217698536668	1	0	5	1	19.6114333197784
2	9097	826.935838162801	873.373223287853	1	0	5	2	24.6672405080344
3	4004	1261.35074800491	2033.38581936003	1	0	5	3	25.2776304355251
4	6248	732.616886877761	754.318305528416	1	0	5	4	14.6324877358232
