STRATO	N	M1	S1	COST	CENS	DOM1	X1	SOLUZ
1	1320	40.832558924093	53.0952067847908	1	0	1	1	2.82282409739579
2	2264	129.509606214237	192.072956869653	1	0	1	2	17.514478603362
3	1074	288.90012447089	453.490604009249	1	0	1	3	19.6167538687385
4	1759	553.015950205944	637.823887112629	1	0	1	4	45.187798952725
5	925	758.197857597279	911.069098540676	1	0	1	5	33.9427962946168
6	4356	234.480395847963	402.463811973459	1	0	1	6	70.6104982229217
7	6910	245.872106207069	294.16678275175	1	0	1	7	81.870274501804
8	2901	132.621826352502	126.400756655795	1	0	1	8	14.7690299416719
9	1830	414.262062660576	327.106414482927	1	0	1	9	24.1098616791636
