STRATO	N	M1	S1	COST	CENS	DOM1	X1	SOLUZ
1	9977	33.5347478439076	141.165918795652	1	0	1	1	2
2	25399	402.209028477343	1317.53089255702	1	0	1	2	38.3275498290228
3	4444	1783.87962503366	5462.13815808241	1	0	1	3	27.8016366431243
4	18898	615.050868550622	2050.27364357039	1	0	1	4	44.3773439304107
5	1144	4577.56512408338	18029.77601352	1	0	1	5	23.6238125386941
6	29711	242.539391753434	1909.4195993541	1	0	1	6	64.9758960356921
7	14124	149.932712467775	779.316740979005	1	0	1	7	12.606814030765
8	50952	81.6015183754772	299.052994412378	1	0	1	8	17.4519123466023
9	96503	5.09760781618834	24.7856549935656	1	0	1	9	2.73952234127391
