STRATO	N	M1	S1	COST	CENS	DOM1	X1	SOLUZ
1	799	1104.16527841664	722.310889110788	1	0	1	1	53.4058352590249
2	617	2003.67474556175	1269.78053932744	1	0	1	2	72.4989307111386
3	4031	716.286537887907	679.600825783758	1	0	1	3	253.503795729276
4	1072	1050.26249427868	845.976265515331	1	0	1	4	83.9210162775517
5	7043	286.924295115854	508.117827287619	1	0	1	5	331.161538185948
6	3343	48.3227355913355	106.729107364186	1	0	1	6	33.0169554823176
7	2978	11.8290720810882	27.7298057502511	1	0	1	7	7.64168780757799
8	398	318.811706346298	385.723031704643	1	0	1	8	14.2061505896921
9	2337	51.978449040726	124.373019790114	1	0	1	9	26.8969268557
