STRATO	N	M1	S1	COST	CENS	DOM1	X1	SOLUZ
1	17292	45.4074992704446	320.540730802064	1	0	1	1	2
2	13860	465.015777894138	1847.48795632618	1	0	1	2	6.89054778200933
3	34122	1025.45634200822	3895.19959049945	1	0	1	3	35.7662243948157
4	14597	5821.16029842087	19685.9085700632	1	0	1	4	77.326432494928
5	5159	29610.148483981	119310.132578699	1	0	1	5	165.634865204928
6	59246	1725.08052287975	7258.88722318277	1	0	1	6	115.727876892393
7	13398	9318.22216618912	21458.3109796573	1	0	1	7	77.3649787897374
8	83985	2075.28442974313	5425.48220886409	1	0	1	8	122.616516187697
9	4950	5283.44616028508	16909.476533477	1	0	1	9	22.5239349663955
