STRATO	N	M1	S1	COST	CENS	DOM1	X1	SOLUZ
1	2869	0.153088874028699	0.313871645226237	1	0	1	1	3.18509301777037
2	3174	0.928359291767869	1.7247997272155	1	0	1	2	19.3635546323772
3	6024	1.6117830378181	2.40677992984565	1	0	1	3	51.2815132763263
4	628	2.3270687168891	2.92354237244195	1	0	1	4	6.49394377797821
5	4908	4.08195121759571	4.62891104005395	1	0	1	5	80.3568449001608
6	2035	9.83067600491212	11.4290200279594	1	0	1	6	82.2645819884717
7	1480	1.87397175172135	2.49311056714255	1	0	1	7	13.0509685411934
8	348	8.937954439811	12.2656583987904	1	0	1	8	15.0976584842236
9	1873	3.45170043892863	5.058524907775	1	0	1	9	33.5120625592566
