STRATO	N	M1	S1	COST	CENS	DOM1	X1	SOLUZ
1	12507	26.6260773956733	54.9667472352713	1	0	1	1	5.91745387128471
2	16478	174.557830541698	226.282955330648	1	0	1	2	32.0950483626065
3	12452	528.436806913965	567.273640609792	1	0	1	3	60.8013762268947
4	9273	144.005265781991	186.126707247608	1	0	1	4	14.8562995616436
1	11330	158.80521950266	259.506581791294	1	0	2	1	17.2989740214517
2	9240	462.005873372964	608.055284595532	1	0	2	2	33.0565174330717
3	9273	1026.40962554287	954.27100440815	1	0	2	3	52.0635823203287
4	25806	238.545046993413	437.591457997607	1	0	2	4	66.4403005108687
1	11165	18.151391212366	37.6727479915753	1	0	3	1	4.6397271988252
2	10318	113.677165403276	181.324509427881	1	0	3	2	20.6375649479638
3	6611	219.004460902541	265.576945885419	1	0	3	3	19.367071136163
4	37290	391.178724258626	386.717851334186	1	0	3	4	159.071736391344
5	13354	158.611566217904	175.093583135478	1	0	3	5	25.7921781877068
1	8206	187.249385987623	242.009727420636	1	0	4	1	19.6731266351635
2	1705	966.704969679567	750.545815022291	1	0	4	2	12.676829329978
3	15356	251.461381044695	267.43945640174	1	0	4	3	40.6829687078654
4	3454	80.8097341138273	86.3208287632575	1	0	4	4	2.95356808745969
1	11946	87.8374185508303	80.4156790682972	1	0	5	1	8.75627591661313
2	6842	191.776152099198	165.219873442394	1	0	5	2	10.3038979542896
3	2101	754.240476791304	792.542749857554	1	0	5	3	15.1776643320537
4	7337	508.494726700089	341.424321354958	1	0	5	4	22.8333255043125
5	9108	251.043118751048	241.140812265923	1	0	5	5	20.0193482905815
