STRATO	N	M1	S1	COST	CENS	DOM1	X1	SOLUZ
1	16533	30.7941801441536	70.4394622331061	1	0	1	1	2.55435730127075
2	33253	58.7523909053161	168.669841213837	1	0	1	2	12.3021839584091
3	39270	156.625400281036	274.213026258825	1	0	1	3	23.6190775148646
4	32626	326.065419679226	413.229017542535	1	0	1	4	29.571175654475
5	33374	442.955199724747	537.015406165271	1	0	1	5	39.3105350699692
6	24266	541.63596113572	690.992211942919	1	0	1	6	36.7777616814294
7	28314	253.00007644395	271.191732567907	1	0	1	7	16.8419208441592
8	24365	118.541325417908	129.35452939833	1	0	1	8	6.91292753629443
9	19151	453.106579462085	391.004304229369	1	0	1	9	16.4243027923523
