STRATO	N	M1	S1	COST	CENS	DOM1	X1	SOLUZ
1	869	51.2880765282961	335.726414823666	1	0	1	1	2
2	10153	5.46726934936479	20.4724123437851	1	0	1	2	2
3	11286	29.6847767994571	223.994199348668	1	0	1	3	16.0014888993121
4	21857	12.1457826113362	46.7733675392161	1	0	1	4	6.47102038611834
5	5280	418.241408396056	538.64747669179	1	0	1	5	18.0020568598336
1	21912	6.47008995618569	29.6652302474963	1	0	2	1	5.02272381770741
2	10659	29.2018622886598	58.6912183584931	1	0	2	2	4.83391648607931
3	16192	109.242237990949	143.177353764726	1	0	2	3	17.9136622788378
4	5951	345.056830265283	473.041601348268	1	0	2	4	21.7519823495429
1	20669	9.5755953900726	61.1807301130158	1	0	3	1	6.09437573274354
2	26543	46.2275162171317	131.193692488957	1	0	3	2	16.7825545688884
3	8833	222.686071260978	453.625747117854	1	0	3	3	19.3108340739804
4	9383	112.873525082451	222.604166225363	1	0	3	4	10.0663055774307
5	11792	539.484180148618	687.647554625499	1	0	3	5	39.0794532277481
1	8965	86.9681702558189	203.710465595017	1	0	4	1	2.53454281810484
2	1199	1441.69641563295	4381.22502479418	1	0	4	2	7.29038963717064
3	18073	126.386890241132	221.600024553634	1	0	4	3	5.55822406214193
1	11924	20.5552058389683	42.2739714312194	1	0	5	1	2.24660736144399
2	10109	104.59576190347	310.143922655333	1	0	5	2	13.9734495953143
3	6633	495.384402394076	811.855769567411	1	0	5	3	24.0005414445966
4	8327	70.0638723407953	166.78753110956	1	0	5	4	6.18990958451471
