STRATO	N	M1	S1	COST	CENS	DOM1	X1	SOLUZ
1	1897	0.340597148397016	0.662815367133205	1	0	1	1	4.01121171604753
2	2348	3.25643339154481	4.06135781879859	1	0	1	2	30.4218087595895
3	2692	8.54636334687213	8.22395808666524	1	0	1	3	70.6271414792597
4	1189	6.35147970909107	8.83987497730084	1	0	1	4	33.5307805124296
5	2624	4.24548214661479	4.53781337207515	1	0	1	5	37.9862259047466
6	7331	4.63014971947298	5.78240253405069	1	0	1	6	135.234414821412
7	162	16.9754366209553	13.7132228661863	1	0	1	7	7.08712730714082
8	2920	2.93041734417843	3.00167632862713	1	0	1	8	27.9616243709489
9	2176	5.06431267539511	4.87685724331859	1	0	1	9	33.8543608833302
