STRATO	N	M1	S1	COST	CENS	DOM1	X1	SOLUZ
1	19162	8.09429395644604	16.7519200535282	1	0	1	1	4.37723003213624
2	76648	3.08014027810226	8.27672012354832	1	0	1	2	8.65073562351698
3	23133	173.188444729714	367.85584597414	1	0	1	3	116.038889198237
4	61897	145.360450011977	253.274895164441	1	0	1	4	213.774395618351
5	26004	332.768985233822	708.295558178274	1	0	1	5	251.158926624043
6	2684	1421.69654403991	2788.44564309855	1	0	1	6	102.056022233455
7	2321	415.611289987653	855.300228513562	1	0	1	7	27.0699635640647
8	18216	63.8201873688656	96.0072845167891	1	0	1	8	23.847955164401
9	21087	4.25417037762522	13.196360827528	1	0	1	9	3.7945730914361
