STRATO	N	M1	S1	COST	CENS	DOM1	X1	SOLUZ
1	11022	531.934463320967	457.438234582956	1	0	1	1	8.80938518431087
2	7656	1504.32314667213	1427.42109331496	1	0	1	2	19.0944329642167
3	8470	311.202068985806	495.354597736464	1	0	1	3	7.33081634830265
4	15587	576.537981977665	817.514241407101	1	0	1	4	22.2643793660626
5	28182	78.4599304416273	165.258417320284	1	0	1	5	8.13744620941349
6	45628	327.829081549275	637.690418114133	1	0	1	6	50.8386553539911
7	22671	61.7419953513589	175.268321295902	1	0	1	7	6.94267499096895
8	26763	18.0860235290901	54.3181898108367	1	0	1	8	2.53999471790844
9	85173	0.566452543440988	1.91891138634737	1	0	1	9	2
