STRATO	N	M1	S1	COST	CENS	DOM1	X1	SOLUZ
1	459	14.6018011590468	24.1437654311502	1	0	1	1	2
2	694	34.2965311858019	57.1109075743041	1	0	1	2	5.98109026619619
3	583	89.0107059246049	169.242139108904	1	0	1	3	14.8894578692305
4	628	50.3172530706931	89.7602693007613	1	0	1	4	8.50639636330382
5	5000	12.6870924792659	32.297454909928	1	0	1	5	24.3691358771692
6	2096	26.1691482769454	90.3692908318698	1	0	1	6	28.5834059328449
7	3490	20.5685139786776	61.7606425536087	1	0	1	7	32.5266290834447
8	2702	11.6052304866747	25.7861074215447	1	0	1	8	10.5141206630311
9	7687	6.71840690461601	12.3218823192469	1	0	1	9	14.2934070685818
