STRATO	N	M1	M2	M3	M4	M5	M6	M7	M8	M9	M10	M11	M12	M13	M14	M15	S1	S2	S3	S4	S5	S6	S7	S8	S9	S10	S11	S12	S13	S14	S15	COST	CENS	DOM1	X1	SOLUZ
1	8569	2013.44090735999	1405.43069688808	1349.87088774973	70.7291377669106	68.4093645659298	1247.48672965464	934.385358349216	463.069729391123	1.53118615445743	329.184950990013	4.25938690324787	0.202083143182484	185.238239596396	57.7982184995263	5.14852309567476	1531.66836734049	2848.88238716436	1066.00571889624	102.961669722427	116.673570119177	808.229313017828	516.59011978621	379.184879583883	1.9912110331088	1253.2389050365	9.639454512478	0.114911616350462	465.199914796798	192.078703058556	22.2329473700656	1	0	1	1	12.748127112846
2	13123	2512.00501776979	2790.88571706018	1524.38768982667	135.751863505671	1275.07254115252	1414.59017418406	1019.96791451941	1115.80831625096	1.78367434530653	448.293604603446	5.64428574729924	0.152477564121761	341.553138489611	109.677644415269	20.0237655899714	2419.81098047226	5860.37667826843	1872.32203057489	196.615915231546	1423.38328630013	859.136057630203	734.737530962016	1253.55583343804	2.92349033144299	1852.04348294683	14.5084803688069	0.0842774532258907	1317.28190530739	302.53148264507	102.529380667815	1	0	1	2	40.6287630067488
3	44550	5245.93706469055	1094.84654823413	1044.55155735127	324.681558962338	1343.0995461476	1180.98200597547	641.56784709503	282.03402114408	39.9229185678704	1030.55058369399	35.6379247988828	2.40192982813689	547.955617106137	70.4067405941823	63.4839901806838	6177.7296543625	2796.34833057723	1836.3779647794	506.298891321808	1991.46139586507	803.240742699694	835.919811407642	570.312719783999	72.4824658689979	4646.6442210322	81.4645607071779	13.6871290740483	2216.58819190446	252.862998269567	248.534140250901	1	0	1	3	96.8861159705097
4	51898	6519.19869384286	1826.00064797855	975.108059881139	340.470120965137	1136.64432601677	1417.95502090791	450.454896042022	256.827362853186	129.019316244255	2236.375590106	49.6077941860848	1.41520839975595	284.107636499233	167.136168335681	56.1238642229255	8487.75818579844	5331.44945606912	1615.68803892153	583.555659302598	1895.52076722951	1320.80709072253	817.621502031268	595.223705012518	232.086686587032	16304.2401136173	104.139002713331	1.84417901130703	3210.48536384884	1376.78557809312	222.434967186615	1	0	1	4	224.056900773058
5	52965	6351.786758618	618.513207039124	825.666625546304	303.516192776389	364.734031238176	1349.7242091274	341.093868755108	63.82200250699	229.640261273303	4211.75761103989	141.254124833188	7.54507509630799	71.5904804025872	183.351290875967	195.728086388195	9485.63314394539	2009.99012455835	1718.23131566567	375.449002611358	550.735494147482	1987.65634867821	655.599500630509	192.899214768041	355.810624908728	13394.5448060375	267.272224751239	18.7784976605353	253.290977919932	919.081262933339	443.396884307704	1	0	1	5	125.422126145903
6	21593	2989.18319811679	336.447173221863	141.936895821169	277.277967770267	362.244600887083	460.833440098593	35.0607738509372	0.523517150719436	547.74170258803	757.67415872921	130.967970367469	14.3382241686575	8.48638886372945	35.209247544094	283.426787214507	2058.76285492539	505.796455570724	161.55527379366	377.297235279138	382.00860221105	482.221041062165	76.1941915859556	3.17076987525777	796.541997440627	3761.00035344717	249.951497674434	70.2019131230962	15.6823199872266	71.1379189570356	461.34952065387	1	0	1	6	23.8041118150782
7	13299	1206.26228869947	504.501599118626	30.1751271604655	201.496181910091	38.5858666771489	147.850428976218	39.788326304079	12.5292799005716	659.122273844388	4656.51509062061	615.799370751725	53.9823851550308	2.21078557261013	40.2210331789233	1386.14393132636	1798.22943704144	881.97881190888	117.929166966474	239.046649064712	100.911059929298	258.948152661741	122.804201718346	64.1115920319006	732.733245977711	38947.9325118086	655.995441709695	170.745115985425	10.6881893916628	199.200900828181	954.845681024091	1	0	1	7	60.0493919138577
8	21989	2195.24431601187	347.94102075364	107.215985738913	85.8455266440949	68.7855186173859	643.595423829204	20.2943149132916	1.06451464506507	289.133876057965	1396.28435658246	93.783030550459	137.96471402803	2.99326217063977	75.2941079339175	475.222751192967	2525.10799313825	467.733859365467	152.00787618039	100.581540201861	145.28348742376	772.323183126408	52.5674287930832	9.08103059878034	440.141659789274	8741.20201230743	173.941489377529	278.124363530022	4.8289595143833	165.135871734407	882.481841368972	1	0	1	8	24.7517952915521
9	23166	2971.12005072646	801.438525517405	261.57298355063	368.297948292094	87.7077027521152	651.426703307996	108.12906122955	0.773847677462052	432.919055465098	2527.42484575459	232.161060469294	684.639525466038	0.666365905431421	22.0956894722967	495.711234826887	4076.7020079602	1123.63810928265	255.171080225131	393.056743985636	258.971386750475	873.605750129944	221.9938462246	2.57116304898756	669.163769617334	6735.07894169901	801.988295408413	1807.01706586817	0.968132914884306	41.0618557183929	816.649361763245	1	0	1	9	77.505817961904
