STRATO	N	M1	M2	M3	M4	M5	M6	M7	M8	M9	M10	M11	M12	M13	M14	M15	S1	S2	S3	S4	S5	S6	S7	S8	S9	S10	S11	S12	S13	S14	S15	COST	CENS	DOM1	X1	SOLUZ
1	122	2.16183991101153	1.66923464941472	17.9936399113773	0.0110054616140648	0.131913179243271	30.564046749902	57.1025330956176	22.9345065496219	0.066461845319454	0.000352115108429136	0.00147543463331819	0.0000010121356219905	1.12681781001633	0.0121807385303679	0.00000644644961299593	2.8949883478493	1.73844327971718	7.54799254791125	0.0299300789448985	0.383356054351365	5.7650659773472	20.4764951075608	15.2305566622002	0.11307334119318	0.000763630613537521	0.00467310332132851	0.00000227529813204099	3.1227319989713	0.026582115975652	0.0000135830619791211	1	0	1	1	2.52365252558558
10	371	97.5304645879995	22.1089118232806	15.7491087586756	3.75319656998671	14.2676503426549	22.57494941866	6.6400370263655	4.89664785665091	0.413650357377534	1.76488612589509	30.3095584833659	0.956180086440752	2.98196710437793	2.63918066843388	1.09073851819672	89.5878956648189	24.4946980294562	8.24906680349645	3.80689765327791	14.6528225336103	10.9269148854067	9.09798308898948	9.41017093354469	1.32070293815201	1.81271600967704	68.918458282686	1.36850183578458	6.22487517538885	5.81134980033987	3.65785528179278	1	0	1	10	5.30364854365823
11	2914	105.797410331961	21.5314534173945	15.6929368652796	3.63474813004549	18.3256619576778	22.2264676630567	7.5014613198261	5.9768034095936	4.7192691102784	1.17683627201058	18.3937567160292	0.593202091815677	2.91410941539757	1.24714101789829	0.43539899517553	97.0399502116507	42.3751531367476	10.1371134288535	6.04724437753806	25.0598743469704	9.3423001532724	13.1870029832874	16.8334852266221	15.2915805160922	1.37549319254046	56.80223861363	0.94580197202117	8.1089591588127	2.44492977914239	2.21468020032822	1	0	1	11	102.783576371384
12	454	95.8787731848671	18.8753280140591	24.5730480790941	2.55448584448865	8.39491562519212	27.7689175923401	8.22824436884356	2.20052653968425	0.145979424505747	0.736227191604926	15.1846400662671	0.34726516033979	2.36519468513878	1.26744977745439	0.312614877405948	75.0766188570356	29.4539791811246	10.4375625865836	2.77538986308391	11.8418585821784	9.88240759824674	11.4046474904085	4.44843312413987	0.591128582427489	0.918891104615493	37.2468322881252	0.753227481290477	4.66164904328454	1.60921042402857	2.1020582878968	1	0	1	12	3.93788866834144
13	3358	99.2935187391387	10.8709308530188	13.6763443789744	5.70865820259441	4.74389019186096	18.8856969328133	2.06184663269737	0.391061741549323	0.111186180142594	3.4765085451087	74.4131731633732	1.48457909512238	2.70109133203772	4.53372033277217	2.0740714607715	78.2169869017647	13.7489025770334	13.2728534800373	5.22508185689439	5.28906872826396	12.6708747515597	5.46175717964382	1.58457293886216	0.880128351889335	3.76705638674376	87.8923490455652	1.61759584008174	4.1640956085585	6.79212041578239	4.18729120577996	1	0	1	13	25.3610382830972
14	710	21.769076833387	19.7574581638507	1.45446984760103	5.72982281702156	0.247126993806716	3.55234081952219	0.00142950613247822	0.00100303453920554	0.0000000194263025929832	3.10702258757905	63.518976376381	7.52837663378885	0.162101538655804	0.209533970264125	21.4742353776546	15.3310145429432	23.7573227791898	1.17868953679786	4.95059070398727	0.552917408248359	1.61087261426804	0.00726891036554821	0.00340859061068656	0.00000022032786789611	2.58832345891777	55.9426220794572	2.87040698010375	0.236928729188246	0.708292691828619	6.81465598799482	1	0	1	14	2.39299741249246
15	2684	59.6196727416149	7.33374667423601	1.62287778350543	4.94929303190132	5.25573515851151	5.53784444835204	0.131800192583283	0.00167407910849216	0.0163312657173537	6.72913675438741	27.0319309196447	3.36060294071586	0.173247239627613	0.840580642867545	6.60469120429531	36.2856860580723	8.08820628402003	1.57592115626535	5.89398190842442	6.38182557601427	4.54553563376859	1.03782987564221	0.0171351792870407	0.14299311706287	6.69851836288411	41.9736518452754	3.76292135601568	0.505269657036223	1.52986280562999	8.68595661783727	1	0	1	15	11.3651583293658
16	646	40.9196668827238	5.04429887034745	2.52672891426714	4.47657206757075	2.77960794495905	6.67690836265146	0.021509941956077	0.00185392890413943	0.00519426413452251	6.8070824051314	66.8894900820389	2.30410656756985	0.555861984665625	3.05163890556305	5.0473323196917	25.1032333232767	5.93421641363987	2.13898522310553	4.41316389208885	3.65411092401829	4.63661549217533	0.105010458803811	0.023780306201525	0.0299839124463531	10.3283808280604	104.827453206313	2.55235575930833	0.962898055320068	4.14819475950417	6.20553030258629	1	0	1	16	5.16729990523829
17	1201	34.7830056209187	4.16169514200455	4.08356531709541	1.85493775544767	1.86262311527752	11.5304756437947	0.469496362276246	0.0391642110354379	0.0287666255459033	1.76993450915953	21.0971374836228	1.40972816141011	0.295450234152997	2.95754367183164	2.01947605946179	19.6075316987324	3.06372156818064	2.75066833100798	1.8849625428438	2.32649665577555	6.52330793071003	1.52015913838494	0.277048845810791	0.19528133923141	2.14934606653442	37.5592963791163	2.1504732318581	0.513123544775185	4.90396521973595	5.01371628346659	1	0	1	17	3.49257381823102
18	2509	39.9155615247649	9.36081473036309	5.06270883147066	4.61086399598355	1.10246567981448	11.45605594221	4.6583185081063	0.551192156455939	0.0041584948314391	4.03982657007351	55.3375487278483	1.98314995962396	0.087659020558703	0.918635360147731	5.62256819332293	31.4629170058958	10.7098042551416	3.90592550371248	4.39347447657931	2.5497211592005	10.150607110166	11.6736184697487	1.96454014805912	0.0419667065169104	6.15305598570962	97.3599017828528	3.43804069233502	0.17050335834687	1.66038366377201	8.6279307155071	1	0	1	18	20.5173286006309
19	638	12.4436262831342	14.3022747753842	0.166600121315957	3.16220584743501	0.0349048905219376	0.776539869094224	0.000135251223103504	0.00000837166934316995	0.0000000000181788201461286	9.55990868656148	10.3302055273282	13.2925061554793	0.00239313462651642	0.00596292334759123	27.0113546063428	8.96659479371672	21.9554013121134	0.225438687674058	3.77065479783847	0.101097236548604	0.559993396927428	0.00265781425367992	0.0000301920122647712	0.000000000367716608727993	10.1442806296006	10.2134873041493	5.01208896122375	0.00653343500058445	0.0294744079787279	7.78603290622581	1	0	1	19	3.35628963111977
2	258	22.5788650175517	14.3970715631949	23.7020728712357	0.434245317577196	2.69308348846098	23.7392730815628	19.7115155166669	9.31523237294786	0.0349400073374981	0.00631294020183053	1.02681523290877	0.00817459661286163	3.30373451110905	0.378903702302843	0.00291213263715904	12.0615628531572	9.14683260426791	9.64927676473658	0.463465983011782	2.38011452201602	6.32204281630404	13.8770949798526	7.32178615917116	0.173208838909974	0.0087351180926544	2.28315286191523	0.0148190910824499	5.69219264872259	0.440451686091731	0.00641085567924015	1	0	1	2	3.05392337335272
3	677	35.2537062129439	36.4310169731337	15.3609842635753	2.445431024764	4.92140428808349	13.6984028020591	3.3644210577071	2.07263613393175	0.00232260534378042	0.0391458781959204	20.6782101705349	0.272841323852427	2.8361282533413	0.860466176691401	0.302250769678191	14.33059361473	22.1493000688493	5.82404914421824	2.07222560542758	4.04312998572806	3.10366976456765	2.03392488992941	2.12094357338394	0.0491895511591168	0.0429408052330425	35.6526105621379	0.19468218183069	4.20303147465959	0.9617536971777	0.477054008135231	1	0	1	3	3.48481765629976
4	334	57.5193161015684	110.228129137558	21.0845477506581	5.04228385933577	19.644667522056	15.6023652146528	3.80268640608865	6.47359681236518	0.53344397031098	0.0927244592132071	13.3020869443913	0.27143709505511	7.28664931647386	2.1954166063527	0.125820850659942	18.5369676137565	89.7928647372061	12.012665287894	4.02082765540392	12.3346838977047	5.28156535780355	6.18185046086556	12.8489082977438	2.53539319375003	0.0906989344522515	27.4402942363381	0.229056545088992	21.242144259135	6.56549450227172	0.48768098021672	1	0	1	4	8.62765111036008
5	427	41.7067538246575	49.3653421302727	27.8188252598862	1.74543439962299	19.8031414538171	23.2790057282717	17.5454826719533	26.9338660447035	5.23473714035541	0.0755911100241352	2.61074368045941	0.0864325718203318	3.51018022645293	1.05268310964843	0.00538809727016916	32.4891779572813	43.0925197669333	14.5707052203564	2.16843413480555	20.4937457483492	9.18320479738654	21.2838415520023	45.2504888004809	14.1766842819269	0.192990706876729	7.5279826759202	0.163511173096198	10.5111314617921	3.68852512876605	0.0220012957280743	1	0	1	5	26.6458810861161
6	566	67.1508878270303	8.82036937834849	10.5402988002556	3.17159095021569	15.1486071999566	18.0796838912762	8.10674923282918	13.0202361877909	30.7469157143726	0.340302840928695	12.2046971635347	0.255785492237323	2.79039010450215	0.999569710734302	0.0870278569727869	62.1287818666027	7.46273590146026	6.42292448942243	3.52613717244238	17.1112083655561	6.00627384910343	10.1717720719	20.2321654228495	63.1039159023607	0.385144280492015	35.5623556763328	0.342255444251712	6.52273825440399	1.79936668469897	0.212255533620896	1	0	1	6	64.3518340412913
7	3199	64.7109163938149	12.6102836729564	16.0815126430485	3.79244458668481	11.8781160072215	21.4779782269726	11.4328456333487	5.35433696722357	2.71765171913849	0.701434456687432	14.6753741737021	0.326780485780412	6.16393349702528	3.29774121251516	0.147982909221697	50.8997665558601	17.0139442065986	11.8773900966707	5.88370836463356	15.723884285262	9.4490079096002	19.4527371040311	10.9176749152151	9.80462669143559	1.19933032616303	43.6323689514526	0.431906526429569	22.4292373811262	10.0135956881195	0.415744722231875	1	0	1	7	100.216329237478
8	1227	93.2083364276308	32.757924727139	12.7788519516434	10.0354224159729	13.8592196291236	16.2072312586448	2.29028234602234	0.84951240730155	0.108686881276012	2.3025390776664	57.8624448970003	0.694947598537004	3.84054407052584	3.12305315314142	0.768167775027204	61.3195637861259	41.1882234373103	7.45191220697954	8.4495926751916	15.5454254328566	8.86738624448578	6.226006541044	2.39558789657664	0.809974914339856	2.61134315818603	141.393606842642	0.615771997171712	5.44770156468473	3.98150302794424	1.41616461828731	1	0	1	8	12.6376266071283
9	1044	77.7346940620945	23.4349439262604	8.7139776389965	7.13711871466402	8.9150865066207	10.5466849193906	0.400774418946533	0.255138984426161	0.0235480416153105	2.37010802520473	54.4206118040847	1.68386755899236	1.67968857652851	1.1778917674231	2.58214267982585	48.0222273676689	24.6921456329294	5.77486805738333	5.86127710825311	10.194781063103	5.17680512911468	1.92864248531098	0.979246047723185	0.266914407366065	2.26071865957692	122.68554563819	0.95769309854686	3.46526059703158	1.70437510830189	4.23526257408333	1	0	1	9	8.06995365404729
