STRATO	N	M1	S1	COST	CENS	DOM1	X1	SOLUZ
1	9372	48.7877513378495	68.4751251080148	1	0	1	1	2
2	10329	649.106184924456	842.300235771622	1	0	1	2	4.68241782953043
3	21483	2376.89151762998	4003.38287639399	1	0	1	3	46.2878512649823
4	19503	1084.59722640338	2490.75442711274	1	0	1	4	26.1443167641873
5	34144	599.363082472975	1057.10076489713	1	0	1	5	19.4256585132777
6	16478	1729.7397431047	3466.96907033372	1	0	1	6	30.7467651664339
7	3465	3225.76758091324	13070.6663986926	1	0	1	7	24.3750735266059
8	7480	1854.80831108356	4190.49348070723	1	0	1	8	16.8698698608857
9	124355	239.624885805133	531.60184653991	1	0	1	9	35.579078674126
