STRATO	N	M1	M2	M3	M4	M5	M6	M7	M8	M9	M10	M11	M12	M13	M14	M15	S1	S2	S3	S4	S5	S6	S7	S8	S9	S10	S11	S12	S13	S14	S15	COST	CENS	DOM1	X1	SOLUZ
1	315	13.0919849232526	7.76112561482895	21.0290766248904	0.215398754017152	1.5028400213158	26.9260347829226	36.232282965101	15.0550147154646	0.051687373018745	0.00332426956465046	0.27671141229131	0.00125735691365174	2.54505588623303	0.18759347595823	0.000645807917488681	14.8666238542572	14.3796590870214	16.6561834634505	0.383506514784743	2.31181299795204	11.3313713945895	25.3673661236677	14.9032694467406	0.237975454302751	0.00682168787111085	1.0210730531119	0.003126717268832	6.72137666501851	0.52955427856047	0.00301053461308623	1	0	1	1	2.56301376880897
10	483	63.4912244376543	28.2813528824051	10.6563860691922	7.38292857927821	7.0251061957453	13.1383289865832	1.48814516560727	0.547446845754076	0.0343916517951529	1.54984079031444	76.2128269214373	1.89414560571308	2.79110245812865	2.44627363335441	4.95577644836014	63.8829411617775	81.8711192442578	13.040040360308	6.48475017023407	9.76514446254249	11.0220325240628	5.17901156103955	2.59892455412127	0.341414150969323	1.53883852529959	192.280600721973	2.25315959062919	9.77631163510573	7.61801603101808	7.90960998173907	1	0	1	10	9.25449390874025
11	4100	103.765763089506	24.083141282084	15.1356789981108	4.43077102941136	17.4554658888385	21.1206115261865	6.35497073740682	4.88707046903049	3.4241818038977	1.4603815846102	21.6163816106684	0.811902050972753	2.93350776214309	1.46821950553481	0.946905487593073	139.5494557885	73.406711436127	18.9424000075482	7.17004183237886	26.1972949009655	15.338788937146	12.4024313737845	15.5659581406094	14.7551882222668	2.36755424369949	100.183869844491	1.55854059294133	14.5956480591107	6.00957972392483	3.98909197494037	1	0	1	11	63.3057089515109
12	1311	112.712858918076	16.1097748839238	23.6175341804081	4.09343682583222	6.85096283352366	26.480441497043	5.70959337510562	1.35756646327823	0.261178728043661	1.55121398300876	37.2003811766092	0.651899799676214	2.63561858167948	1.92762345824982	0.71152253010562	127.267627405721	47.9838764574843	33.5391777369515	4.36418613134322	10.2427675454086	20.7383930456691	9.79199419100845	3.46097633796361	1.60539776116376	2.2800981298102	88.0961456434659	1.45844227898502	8.29964325769177	4.93499019577134	3.38800069888534	1	0	1	12	13.251713931523
13	402	134.552402263183	11.1563553175553	24.6817760582268	5.71081666653303	4.26922828116272	25.7790304752402	3.23422636308722	0.315099658502675	0.00702770986274094	3.28148381461221	142.529692773342	0.854441289711457	4.22397839021935	6.43107283833042	0.856137512977047	229.389830076897	21.6071398301778	59.1435280529465	6.48315766033105	6.02895237746302	25.2373460880444	6.71767249087276	1.56309666016436	0.161992935435437	5.23882034746832	525.243536323136	1.45283905384174	14.0415562017456	25.0738194489088	3.58632504083821	1	0	1	13	20.3520847291469
14	2587	77.3814192922677	8.42584093396676	6.75535125832927	5.31974436748957	3.87084349677974	13.4882806711492	0.774038996294455	0.161872878509822	0.0365581143411085	4.01129668981429	66.707698440673	2.2002252136464	2.02861869962673	4.44745790644555	3.6375749450255	99.0318370426208	18.3620885399287	9.79765790650241	5.57955955987348	4.86445597517994	15.1176696328113	3.44486453011057	1.19407294883059	0.387629663013026	4.69820356853338	121.581916905439	2.46963582143104	7.01767752676038	12.4232552470914	5.9646202313041	1	0	1	14	34.1628471027271
15	1559	63.7594799673643	11.3879786989539	1.53900340630307	5.87075294108131	6.79440019106309	4.9533591983699	0.161980627687264	0.00195320458465201	0.024718709547222	6.2121454012227	25.0197074666402	3.67695805866753	0.0696210375861802	0.378773222544758	7.94653426433731	53.7935552270449	26.2718828296226	2.01740105785854	6.76099443616238	8.62783853673003	4.62959380274245	1.33678659063554	0.0207260922423096	0.236364706414131	7.03881711548251	56.5257462957573	4.50672977998171	0.246032556176295	0.903969231862175	10.7865327808973	1	0	1	15	14.5100612630987
16	952	13.1696154526474	14.871678064266	0.280998431386924	3.30324051795023	0.0541573126506898	1.32932862190558	0.0000194012194794645	0.0000287427000816003	0.00000000000114061907065265	6.50705738660583	17.2843298744684	12.0846577252351	0.00921874729460029	0.00974833434267503	26.5731183646379	13.3369543013237	37.5133858111641	0.493871614292426	3.99536012131493	0.169102812602471	1.03931020333978	0.0000403644508330748	0.000137700900018899	0.0000000000139910732420643	8.92905362107324	25.8966041788779	7.22884645076682	0.0422702686454984	0.0236575863876193	9.68335599533962	1	0	1	16	9.49159299939117
17	1482	45.9848885956481	4.77726740145153	1.79830598891989	4.81509885142183	2.96882887715148	5.5623823472344	0.0318616821963042	0.000715397504394181	0.00532964789928861	8.48087263440813	44.6108619664305	3.24281235879811	0.318890865227433	1.8655096995882	6.74708881105284	46.8766672710688	5.38439620801381	2.54212093142524	5.71915483090166	4.46145827843976	5.10226719927248	0.238874075781664	0.00572088939853751	0.0632659557979838	10.877792482228	139.34609293125	4.33589687442735	1.15284050772578	4.82745894275601	8.56898107924515	1	0	1	17	26.1874008832417
18	2229	40.0366036516073	6.42555579449058	4.23532767516774	2.61137332499073	1.52111582043495	11.7164511768286	3.00223389209092	0.419245663016162	0.0166371798285034	3.02665533205062	24.1417474833135	1.83520996144581	0.201277089797233	1.8406208516748	3.14085397162009	36.035899542363	13.8805721593253	4.58211454075742	3.15056721586331	2.22001800521172	10.3286568531948	10.4624309066801	2.01664826060665	0.162842767115103	5.95485883940171	49.7364146767845	2.9592887695146	0.871359558150992	11.0274078428596	6.1036111156007	1	0	1	18	18.1442449359446
19	432	38.7662622209581	9.07764911945756	4.43700076991074	7.48787129319208	0.196485862644058	8.43065976574209	2.07188737389268	0.168985122344974	0.00107072290740246	7.4771046030959	141.409613836396	3.03752917745134	0.133554395865431	1.31155193390971	10.3808033004432	34.4814065315009	10.3056443989325	4.16990390494095	5.83157308653461	0.455871332504433	9.16375526807585	6.41941632857652	0.819692809662837	0.0123267460622871	7.84059855918754	212.027084356068	5.07045245630472	0.331604993735679	2.65026242951064	12.1614379209399	1	0	1	19	9.40997645724818
2	909	35.8449797659107	46.1838540737638	16.7104712935119	2.61673503011186	6.20250826088986	14.2618480507754	3.87946052119336	2.94622144338108	0.0725767288755103	0.0438446392819718	22.1255596045977	0.295425548867536	2.82455084423256	0.838739230970383	0.413451105300351	23.7714495636267	100.689306175767	15.1122514261757	2.64753474645721	8.1857296282874	6.70553288109272	4.3572185955958	5.89416247045459	0.879787697581028	0.060724640707645	69.6961087604092	0.335558515683493	6.41286427183481	1.80424358089763	0.939301352208637	1	0	1	2	7.35849108203414
20	1046	35.4928675734813	9.24690192018393	6.09187486424097	4.49891060731958	1.5605933140361	12.5085838767417	4.4640134478192	0.4045893285245	0.00779244198172932	2.3243286627917	47.2366478144638	0.63909316919665	0.0893140582372592	1.25162813321823	3.25397467711521	42.6319843637425	13.1481175762205	5.30244853535855	4.13406137361711	3.94287363239305	12.3115450117414	10.0271926707742	1.17755478033742	0.097938374992368	3.06845532456764	109.232250450403	1.24302078753126	0.257393749675362	3.05089316446754	5.7240998485024	1	0	1	20	11.4346806727776
3	436	50.7850634373617	83.976808406415	22.7330740082491	4.98504154281397	15.7695673147659	16.7230028794156	5.03276101299808	11.873279765742	1.02171075703166	0.103967685278004	19.4573685192224	0.353282064542473	7.71661767009633	2.52598041409796	0.499077763812863	27.5831600627612	167.058980069017	24.590325457717	4.52042762659296	14.1541866985643	11.3776774838082	9.16336479836913	35.2179873965975	5.8773077707212	0.130668513602884	65.5472359727334	0.470467426383232	62.5477298773251	21.937557261544	1.52840015089435	1	0	1	3	17.1530982342526
4	381	37.8999926250564	31.8981754762221	22.763322174562	1.16287923826926	19.4087540118028	22.6362211292795	19.2047811123753	25.3166500755824	11.2523265590148	0.0993386459456867	6.99532885457071	0.160818458187044	1.5784803702122	0.410565010518452	0.130763372203378	44.9875235460478	55.3853084538879	23.5116535815691	1.70595116661037	24.1441722155125	14.2802904802445	22.4304841024766	40.2681709313794	29.1630286301931	0.296123149960727	43.3830512002312	0.411155824689293	5.71775340557889	1.84775351843905	0.767728368338885	1	0	1	4	7.94888680632132
5	146	42.8523746944419	25.7988381593294	12.1871223476733	4.21623786586368	7.56198452018919	13.2024347633002	3.90790964709642	4.27936109804845	3.36503596600256	0.230983701400001	46.8739799857264	1.05292597574142	2.97139272159389	1.12187390380983	2.66438111543345	57.3231005717235	41.5642212984523	9.45098973260077	4.21997797526146	12.9032512536906	8.12997547634925	8.32040236054468	12.2956383051722	14.9006550464467	0.336518502649989	101.343760323182	1.05360405087547	7.3701812403093	3.41901978054569	3.79158895745689	1	0	1	5	2
6	482	75.0173054905837	8.67144494241047	9.5731546048573	4.14390681709531	15.4877424492355	16.9648383344618	6.20197460560342	10.4723748109606	30.3411674832604	0.421255723256973	19.8885418867483	0.401192563270582	2.87890634248842	1.07232744237463	0.476335425263348	77.2021452212038	13.9090957492996	8.90357956473975	4.51510459077079	20.0885833046359	8.62101243571756	9.26265173627498	19.9078963755573	76.0731332510534	0.511011598344955	79.0567607091969	0.678338795685293	9.34981694484019	2.73172499695602	1.8279480551433	1	0	1	6	13.6972431420993
7	1267	62.3702738969794	18.4627632747942	22.1198032922999	3.96204560025283	14.8163710776436	24.6266767555527	19.3919741293105	10.2720181398201	4.72745691186743	0.489506383130954	16.1917986249243	0.428542802994751	2.93787681852309	0.801893480770071	0.689194355201968	81.922287537152	42.6244477162035	27.1006615187078	6.4665769089502	24.0639244401417	16.8298784793698	27.2822802018618	17.043796365039	20.1785177270771	1.0985996906279	54.8818830990332	0.842453410235044	9.92079163159707	2.55645568149989	2.45892891545547	1	0	1	7	16.6155400323125
8	1856	73.305192205118	11.0625061504682	11.1338821643092	4.76641802487151	10.9128153580853	17.1815734775699	4.416459649389	1.71095916726748	1.3586575664785	1.11449267786767	17.5700963097547	0.571058998142954	4.48657432016302	3.23536412965816	0.511731863146269	73.5313606253293	32.9153912833219	14.3789289733875	6.65751278439038	16.4429830404948	12.8910214394943	9.69067331912978	6.04955477972012	6.72463318372871	1.90195600440917	64.9809346206502	0.759569256084957	14.6596158944274	10.4383930607995	1.69029059547222	1	0	1	8	20.7581218540507
9	964	71.1496022156817	15.8647258506473	9.43749323816186	8.68060516997422	7.96872745924805	15.0699209692904	4.34570769294276	0.922076366434165	0.0976563853408251	2.66968661390554	66.2600841212932	0.68683411297367	10.0532712598029	5.96303664313028	0.588938188041334	60.1939145600029	65.9450140353369	9.1968984129116	9.07536154232494	8.96881918962202	10.4394998329677	11.0885921802322	2.66664468380637	0.644133483129645	3.00779430124212	231.226661345351	0.702020270779939	57.1457046435302	26.5156720849877	1.6542381866536	1	0	1	9	37.9461951312747
