STRATO	N	M1	M2	M3	M4	M5	M6	M7	M8	M9	M10	M11	M12	M13	M14	M15	S1	S2	S3	S4	S5	S6	S7	S8	S9	S10	S11	S12	S13	S14	S15	COST	CENS	DOM1	X1	SOLUZ
1	1573	983.467548374604	1459.39124075127	678.633467269443	33.1100276385235	20.2627209513384	787.757172847649	1501.82666546447	1.87721523514255	1063.98881085245	173.468003576261	2.53126661715949	0.283701508508226	44.722072520785	358.035282005743	0.362113960925878	1398.07584546747	1200.20565150742	560.326975092587	49.4263167424432	28.2575630735607	655.828769088068	1153.34600882733	1.46015526639704	593.88246047881	568.561688845761	8.55126893545309	0.124586413057737	66.2344669193481	387.265022648289	1.18150099405606	1	0	1	1	2
10	7865	302.80884693233	109.211583428442	1877.8116142062	154.476009664167	203.200170035669	2.54066427674081	6.19516350980391	614.748215159159	342.155066097765	3215.80872212879	160.301997389219	40.0876530203063	48.6878862263582	26.5360447193515	535.867151671638	344.489846064127	323.738690411849	1453.89160354073	313.140309418872	259.081066427993	36.4609891655518	37.2503010985012	666.21304601906	327.458082216128	16459.4462711026	370.040648486227	141.045160838562	130.181812849831	634.442565545712	922.380220368747	1	0	1	10	12.4709704485775
11	3949	424.372748037883	110.537024399019	2703.66214497605	66.5819155571994	391.444237652675	6.57840989413134	18.7431798581395	856.50188522485	453.529059777289	16649.5223770313	238.891719647138	116.654539860341	194.331287045282	96.5464363546607	1021.19217899073	696.893976402249	270.917311742109	2730.88736621053	168.782482067614	636.63401162154	58.3836450574173	123.24805521018	1932.53109723574	467.447451717615	110719.436817809	384.869661216418	249.802653621176	582.92153314068	1262.30893634615	1562.06206735622	1	0	1	11	18.9084593799906
12	17182	336.831303753176	120.276549340177	2736.10404406368	102.888169360859	106.649607188984	0.477687271944233	23.4673446865718	165.029485967428	920.710876686417	1938.18560596792	45.8609242787812	185.509158516438	126.284852893824	5.12651157399143	110.213626624145	392.252853684593	137.843518809745	2662.55641360554	630.399907256606	127.582340800501	2.85746802546532	51.3870742213683	283.850661300813	932.582508086494	12334.9736140024	115.417175926961	444.844761784411	274.609563108291	46.1216240069172	407.081901779292	1	0	1	12	19.2618695147625
13	10824	447.727284704754	91.6707698777633	826.717553891379	5.33124775356586	154.906155161393	4.35907145188501	23.4803625263768	504.108490658527	213.802157433685	4917.03278860786	455.197283011875	36.8826099779187	52.5200875664525	118.839285124176	1856.79372666758	809.137866925971	282.051951410671	1250.34028249443	16.3814177932471	216.465005736026	37.9920772548738	203.501027356072	359.578187238119	418.091874093577	25833.7592445679	558.329632127903	199.211149174539	214.968165353743	879.128883530667	1747.97329662795	1	0	1	13	25.8129284426335
14	11000	536.803903824931	249.33339562571	3761.99211368302	87.9253696369197	477.0548317664	0.98039222173317	165.014912773877	603.244953258309	557.327385621032	4505.19327047285	380.238210179948	174.318441043612	24.1006554826393	0.775079963528054	722.045975750439	663.985945566675	216.889044106637	4475.86588791047	325.489775386045	564.008056262527	2.54196568343048	546.902533036863	949.868737363261	615.830086279669	11711.4830347999	1036.34854193929	370.912370349189	33.1420460863872	1.50732874946737	1161.13538900833	1	0	1	14	29.5030108605129
15	12243	1099.04140967816	325.870162719078	2793.19096904325	146.53460872056	409.940572748402	0.114246808616685	87.1069453871809	397.631470399419	678.450713533128	2940.7980822913	126.232280429246	1258.69047205545	31.4623760277373	0.538958020343278	273.951405173046	1725.74213956819	326.235328650918	4146.11012059389	616.343870894834	380.489269465198	0.318558499633815	350.014186549868	619.930530772744	972.813305318097	7597.73775485153	386.490090524879	2688.28389803351	66.6701555526842	0.607623092119361	488.862707912191	1	0	1	15	40.477351197529
2	7744	1666.85209565425	1539.47361124915	1852.23498943358	88.6666285429759	68.0829985508629	501.66549596604	1091.95487678155	1.73066249877863	1423.21581456864	254.704927883907	8.14310005848981	0.192070060181828	59.1623585878864	173.814081438517	2.95957460462376	3272.80819269633	1321.09588558893	1336.60537007707	208.257390455509	106.602037551839	702.748618975248	1084.20741547566	2.49757531948681	973.497393748959	1402.3891777613	120.702110989583	0.0908412691364114	246.029250793962	645.637196134145	26.8307455694477	1	0	1	2	13.9388872492789
3	29425	2134.91399033709	1636.31928703406	3864.62021481442	1734.77250302681	141.001285478202	1026.64799935281	1172.70274812129	7.69836222702165	1607.41300862513	321.776138547231	11.5951826168953	0.322803265134618	62.2057436230609	564.356937175274	42.0113510075082	4919.8624209562	2605.17441879309	6928.67241663647	3108.18496287192	297.16421418701	1992.93852596856	1408.99424525884	16.8981795619502	964.192882998234	2100.04506003539	125.016955753776	0.321396718233737	220.844058141645	2611.68216673351	799.191541876233	1	0	1	3	97.0265584144682
4	15004	736.770516960691	1031.76058673253	4126.74439926134	927.193223244292	197.841136684347	88.7888707412201	567.877243002987	34.1199286734481	1502.11945074022	429.102016134407	9.05589717487774	3.83294029145977	89.5744887433086	834.015302781177	7.24505691594055	2454.16329104265	1456.31446417821	5220.86434269067	2353.72958949425	345.749144877123	214.92399328821	845.322293413413	55.1037226974134	963.985288970844	2134.47493612525	32.9808775278311	16.9830016543815	433.520125105733	2750.52717975073	78.0725842323379	1	0	1	4	28.1264607135354
5	4994	919.53251539454	800.181714886466	6381.59971697543	1203.73544412624	478.342949904953	36.6962868521107	155.671565636718	47.8151975918761	967.750825279424	762.728814576413	32.4060473949284	2.8953925413847	547.146524446558	1614.24215303393	52.6215795631719	2962.89481220734	1332.16341074796	5881.78816766909	1739.46561599388	757.03298735843	112.448387068621	379.602138692391	89.7786316825597	620.201015320957	3512.10060472147	97.6994672725709	11.3106811871272	3306.82813284993	12634.1558201999	902.882094578448	1	0	1	5	21.3709183025443
6	43549	1865.0435096242	1298.92254618642	5056.3475674812	1255.75415098861	168.181971506914	371.905762974457	857.325264757753	57.1565500263471	2285.81536902933	644.066833429441	14.6186431612037	1.61946211557506	76.5292864746114	166.971634394408	3.85800189262432	6071.3446461881	1961.14396229141	8524.66869668023	3706.2773910812	403.687104378401	845.438227397663	1419.46209434483	156.894786617134	2136.15822123608	6306.65094524144	75.0578433920287	2.90849244539214	742.183241389051	1670.21871772532	69.3859587367361	1	0	1	6	169.395331731616
7	62117	972.175450621137	704.588336740423	7403.52492597585	714.515332330566	471.65148121626	22.1315415792177	136.254608752726	237.632728963604	1007.33470563853	4869.6828802225	132.47544804907	4.7402870752729	217.940513980948	168.375145404606	186.052397953552	3134.71168887911	1786.47371367548	9845.81748998362	1431.50588583651	653.478266491336	169.967781797635	525.524964003256	312.157768254781	1661.12311850438	21930.6797214161	287.418182565945	8.41973496654564	1011.11513149235	980.215365908439	590.97649774787	1	0	1	7	202.994341816533
8	16214	397.726511825338	191.697685776218	3425.59222779643	379.86728975741	210.494411043829	3.62475656562205	58.8399944792339	406.816956578874	478.567251133469	845.735698897917	166.125900115917	9.9670711781257	48.3576790073722	19.1260158913498	295.304281765132	966.842877408378	356.647429989963	2807.00957621134	552.087373022055	338.012137298329	53.3463017945103	187.287301747895	613.179553070708	458.978487011511	3419.64677906144	411.752771713288	33.6161919447985	322.56795882093	310.200749661552	869.133125924116	1	0	1	8	26.8114788416538
9	7469	450.260800993606	158.540125114434	2665.44290500631	345.538263145727	509.269568456661	3.06642833918179	17.5220699258116	724.528413367907	505.648172241795	3491.61657720635	503.911586216967	6.0261847284004	65.3764908888841	74.6252096527769	1179.67915599933	736.748244115245	271.433092126948	2350.11974168389	551.557135371596	799.949844258094	28.4915310836166	126.357182513916	1194.05689819947	519.752821622728	23143.4243673759	2210.16464945893	7.15171993062746	237.502836299993	954.972124756129	1791.92694119983	1	0	1	9	32.7718147769825
