STRATO	N	M1	S1	COST	CENS	DOM1	X1	SOLUZ
1	11396	1604.50987863092	2990.38738366001	1	0	1	1	40.3431717742092
2	6897	3821.81205284327	7568.47421395557	1	0	1	2	61.7957643885329
3	14718	1404.54144557702	2454.94293186244	1	0	1	3	42.7740474154521
4	20691	1308.45532535908	3467.50107241392	1	0	1	4	84.9353013158555
5	12375	419.278407036423	911.508074369494	1	0	1	5	13.3535234913006
6	39798	1355.44508043703	3673.6503956776	1	0	1	6	173.080929516461
7	29172	1973.6288006003	6181.80529762191	1	0	1	7	213.487117946172
8	103301	419.387854669193	781.394692145913	1	0	1	8	95.5575771165054
9	12804	995.014577683645	1336.62808786336	1	0	1	9	20.2603244390268
