STRATO	N	M1	S1	COST	CENS	DOM1	X1	SOLUZ
1	30833	3.66873054730056	8.8357009804426	1	0	1	1	2
2	44858	22.7070605141902	54.0170234579677	1	0	1	2	10.8907145803053
3	22726	68.3141504212464	120.824325957745	1	0	1	3	12.3413651982656
4	26059	153.521998060546	206.907660235542	1	0	1	4	24.2337228094193
5	41448	273.269977076548	323.341979735265	1	0	1	5	60.2353575847129
6	8063	783.090474932622	1077.48515316351	1	0	1	6	39.0475486778635
7	9735	346.672636134529	605.964609637753	1	0	1	7	26.513620577713
8	32087	171.412877187402	326.160196678959	1	0	1	8	47.0376802033879
9	35343	691.884450646001	699.525801574472	1	0	1	9	111.120188394327
