STRATO	N	M1	M2	M3	M4	M5	M6	M7	M8	M9	M10	M11	M12	M13	M14	M15	S1	S2	S3	S4	S5	S6	S7	S8	S9	S10	S11	S12	S13	S14	S15	COST	CENS	DOM1	X1	SOLUZ
1	1793	681.209382285372	1622.43573571108	1271.57899223771	2.23893282552856	159.945543199474	2034.25728122124	1048.4314266342	799.02241061639	0.15842957815257	1.57001322280893	0.0124792999625052	0.215661453889317	47.5624062567735	3.13280995343926	0.161451882933297	1002.83452267838	3833.21190013268	1053.65186092508	4.83234453606975	353.550822661665	1194.6441469039	522.01658798478	618.278638620803	0.229538595557278	4.8969672750525	0.0558374941319005	0.119278865036079	137.002859495457	6.1571107218783	0.399201683038421	1	0	1	1	2.03813166519144
10	15719	4253.7711759948	325.875386215868	325.458228660668	199.220631390813	420.78077094924	566.350152157294	70.8188897758067	2.22448394987521	234.502835894178	914.697948131338	82.7403965473686	9.66457365227454	63.2126906912593	194.482300992523	129.861855593352	3402.62436621188	816.168588298837	623.812142223189	245.48761507706	455.814329231412	522.436167666795	133.528207870334	33.0211495033895	348.160385890245	3860.47849918107	129.456422227846	28.2828469511078	344.670271418852	1374.11699806232	320.649774046871	1	0	1	10	25.5202928018304
11	12628	3694.95788127228	372.637398876276	209.680473341081	337.743077467802	347.932682200312	509.443526153312	20.3123305891979	5.3856842716343	464.795125903488	1298.7295022758	73.748473804697	24.130777268784	18.177688062439	76.8441149055315	182.703336651393	4169.02087806299	1011.97615237142	339.407833971121	441.096876867512	515.169000249621	477.479783395201	112.728146603734	48.9634681467982	770.91491904942	6656.70633137619	142.842090364993	83.2921052368168	107.436262530519	202.987472577352	285.823223254386	1	0	1	11	21.3575490569301
12	36971	4659.96565187651	865.029950699958	203.158818478396	452.148463242096	403.755414776752	350.815935075755	73.0471343243084	24.7585898481099	447.613692582189	5426.51023253338	276.939899720264	19.6473336317152	23.320562429603	57.1784548259862	456.956322483105	5360.10805218455	2470.35689097305	324.258903246301	588.057955721237	680.934582433901	282.11929115644	282.980752018221	138.635617137741	643.723155126185	30437.2486078736	333.528698471489	90.834430459653	142.487731989853	206.749402387181	609.759878013171	1	0	1	12	93.1640806151359
13	14564	2904.38456362003	328.612069552431	141.600427246067	104.801397026852	75.2734338991695	867.038846089035	20.131136831432	0.37699767616504	145.175157389971	1271.18099604809	61.3765224333068	170.548752626463	3.55277168261162	80.235412358267	125.128837588934	2736.78653091081	361.182743476677	155.910926296276	100.711389517452	131.897199430906	828.137944881558	34.7946100301789	2.0361028919368	255.757279181728	3020.67356907163	129.642155784104	303.059017913137	4.19318189657223	164.181692988884	281.270913592129	1	0	1	13	10.3632158182322
14	9680	1410.2019035991	516.702787411205	49.850493458041	188.6372870888	56.3171585782815	218.710118929446	77.3904409716047	14.1899427524109	672.37252559718	2195.92921506306	701.260948499706	67.368101350716	0.705808601649874	6.49710574483571	1304.05864362474	2081.23876030304	919.35636502261	104.355542159192	178.494347477944	119.746177620825	452.485694892747	163.496195000663	71.9148642590102	799.748678490314	9476.53273597298	711.481012230243	201.498111033271	4.22851103308314	15.0522465338801	906.57072304361	1	0	1	14	18.3809258673501
15	7216	312.319549781903	430.092680019502	16.9790850011114	35.7550605216113	22.3330509459219	104.327238648677	56.30102851049	4.30102495712303	758.646389330385	105.036153207613	395.083666781514	47.3893442228342	0.0817757587239723	1.05628410922986	1767.07053493379	1220.65597406563	625.868796995193	69.0040890477215	62.9883582812884	72.3358893818594	476.310050362753	152.426980570553	20.8510429557478	571.072778640108	718.537607040499	443.517332363108	155.362372212367	0.443900985519202	4.67342052902104	1153.02432076195	1	0	1	15	8.99063316717427
16	9999	2912.9103791217	761.85099273634	282.250700290624	504.439760863389	36.4001707694942	490.488451184813	113.330828210546	0.592101349523959	448.117552062299	3845.75148431715	327.807551168414	482.905401252114	0.595264597462773	21.8981697543403	561.086741430728	3632.96932649866	821.327482702154	236.863964843411	489.784524787907	103.01014879055	622.178559435376	258.784159157616	2.12997419978291	607.314798698494	8796.91660219226	1146.95686941046	1043.86125503874	0.935500958801301	31.9237590257219	897.151888019468	1	0	1	16	21.5485376255604
17	8360	3319.02284268636	1079.16729748076	299.309258516926	296.012677279918	139.100850181603	905.84146331742	94.3178818865619	0.277783348149347	212.321142552218	1707.59274273057	42.6210804667641	1232.24347320349	0.692320858683413	26.2823665844885	242.224066919698	5010.28864058463	1582.00342345286	298.474266751459	283.017025607874	387.402103004581	1102.20489640951	180.557744288039	3.99021085869007	326.402737782323	4848.37764414277	119.741005787409	2680.75339921422	0.868946224258881	56.4931685846771	462.989582963846	1	0	1	17	20.6525787183466
18	2266	457.766595855997	525.609945696089	82.6982964488365	153.97570147537	2.26361952252833	96.4330168976839	7.92205501481526	0.97055441529517	774.069044539338	112.162199912296	167.666699714487	167.724313581052	0.254469704187205	5.14882425192079	1275.43507174699	655.74012335908	638.595742457075	169.276416309145	199.207360515553	5.3877929528927	217.277793593165	50.8806061540177	11.7686881810709	591.611442621441	378.753223533191	226.011284207295	361.980449557596	0.755592459162339	12.1094863297275	1119.99112859131	1	0	1	18	2.7518300417086
2	5412	1316.88274919719	2243.89759393015	1677.46684918833	10.565015654721	3450.36169081892	1786.61508876492	1260.38045818475	1433.86005651107	0.398430976889014	0.0899627922888203	0.00343388931293147	0.193986077526719	7.47883926656779	2.04473169531277	0.0183921342537031	1346.15617890912	3259.39332460252	2436.24737585554	19.6929016820328	3206.84929759583	849.528722229019	1119.30674785748	1377.395852227	0.761667765740653	0.410354543884393	0.00784772133059263	0.115303975574942	15.1058546231684	4.42804878191903	0.0992236454444071	1	0	1	2	16.524458018943
3	7491	2426.97964168953	1825.95747731837	2202.28951228336	42.3928896920392	1329.93273967223	1725.15959702172	1608.07530046736	936.32525154108	2.02074216770115	28.4995835767489	0.15630777225352	0.303620723050465	452.581720782406	25.0540139426641	0.460175314822757	3460.8090957574	4189.97102232405	3303.65788773816	67.34717934521	1860.12780302639	898.093952500772	1160.96260998201	908.698550151492	4.39221871646119	132.776573066627	0.475001202652829	0.282263795637829	2635.41871938858	68.9638271938688	1.95941203024639	1	0	1	3	15.3228209103061
4	27467	4693.36463763041	1858.20974443255	1197.29662668989	222.103964181731	983.43463600011	1202.2513775155	745.996892442893	453.424460016586	11.4668184186609	719.956290440832	9.00592266320894	0.379958180509654	606.208579780329	107.593266607465	22.5779416716442	5832.01541054943	4532.59806977731	1341.19510228244	317.214647874048	1535.71969298619	659.943465157411	563.131789826011	721.131522700489	23.2934255022621	2700.46370993146	19.3527136703931	0.612053922509317	2262.30408187425	276.981588293141	110.625980016236	1	0	1	4	52.2308779334778
5	12936	4779.89672752402	476.676412891812	937.459261800803	272.280668867852	813.462148948275	1293.59223784065	501.389295892489	88.3775644103336	44.986393102626	456.434019356517	11.8649700406164	6.07776696056313	711.688453240692	132.126044333126	9.42729688347845	5704.26413148778	1239.41267266777	1314.65235833849	429.541823617361	1258.62436161132	824.102846792333	468.065720178302	199.217031162019	72.5608761253389	1758.22906507025	28.3717437715199	24.22529478375	2309.39227676971	646.038630934786	67.8740576492422	1	0	1	5	17.9563723508211
6	4367	5491.34898828937	826.824271769948	770.45783656719	450.871933956923	961.726228179647	938.000446803734	281.818952441375	76.5643555536722	59.8102016047976	1262.70116035883	40.1457707147184	2.50621860383097	1395.54504820928	761.21400301005	25.2965690321231	4330.36632179642	2623.03463038571	1170.74639725669	661.40339193629	934.808609947914	552.209620986984	386.524190052673	228.4342074855	83.6608651608635	5139.43330523619	60.2305627988777	10.0371337992725	9493.79854431095	3853.74587829999	97.5722538135632	1	0	1	6	17.1619408312131
7	43373	5434.70117867481	1774.87184836005	1373.52156377628	199.166655474557	1039.84433967418	2126.1108274934	717.894345509039	346.405503360163	46.7595398792751	795.456638090071	8.59251238632419	1.55023811963544	159.97837593149	78.9524660209378	24.9950220833028	8271.99077272785	5398.51949888863	1986.66512440321	393.150041513328	2007.22953999728	1780.11649593387	953.917413147134	639.175502283794	113.083293452304	6630.78613314354	33.5215692462153	3.15678063488071	1524.29722304501	696.408817026545	145.855821475486	1	0	1	7	105.029228623434
8	23947	9172.04783719747	834.2845855843	879.100704615457	413.797444182688	684.011019901186	1447.24095786474	298.013947734261	56.4166606472595	195.061503716648	5577.02848451505	57.5128363221995	5.38120175511984	162.174665834673	246.930498459774	50.6542833853212	12573.8977052825	2917.10863990636	1847.47371077815	501.400429598006	885.299801641593	2037.00608701654	551.516963863261	214.501958972236	272.382226010531	15770.3169210511	92.9712102056228	9.80703825302079	703.314722910157	855.672868349803	176.293473698499	1	0	1	8	53.3587141709991
9	6963	8305.02468830898	879.105932739929	576.524390841845	513.468655040025	852.050148676719	666.280511270485	139.068805777198	55.5793031908158	225.100399538602	5301.79000837062	124.556110223948	4.9414389311779	124.160157756146	223.699526038941	112.568689822271	8192.18243564076	2391.78762789954	1010.56332622677	559.562794251306	1171.97723591454	602.378886580923	351.977040947227	234.193579506671	222.710594944093	15502.6994759537	166.087340729345	9.25508197378148	569.21201558015	693.138136777175	258.067634038576	1	0	1	9	13.3361564356762
