STRATO	N	M1	S1	COST	CENS	DOM1	X1	SOLUZ
1	19756	2143.44889888292	2536.65291134394	1	0	1	1	10.9690615175909
2	56210	3583.75349408515	5986.35470263471	1	0	1	2	73.652151686966
3	37730	8819.79686093231	9858.5140134722	1	0	1	3	81.4156080826662
4	7260	9534.21361646134	21961.2907604913	1	0	1	4	34.8982693448383
5	25091	7685.83879827245	10885.6965421369	1	0	1	5	59.7838117151263
6	12793	5197.67171610256	5515.70230683478	1	0	1	6	15.4448119870745
7	48367	3066.33443429949	2842.42623756876	1	0	1	7	30.0917719400942
8	18216	3297.14721215047	4029.07251239016	1	0	1	8	16.0645109456436
9	21186	1137.61919503927	1685.22838349414	1	0	1	9	7.81478691553653
