STRATO	N	M1	M2	M3	M4	M5	M6	M7	M8	M9	M10	M11	M12	M13	M14	M15	S1	S2	S3	S4	S5	S6	S7	S8	S9	S10	S11	S12	S13	S14	S15	COST	CENS	DOM1	X1	SOLUZ
1	989	29.6137489328463	34.6435649793598	18.8960372007342	1.44913620742673	5.39631672126381	19.029051440121	14.8043165188964	7.24317243458938	0.0830662549825401	0.020553606011751	9.06729907698928	0.123247589467896	2.70672488721866	0.58083883061195	0.0734762223688282	24.2805253968284	88.2874214648034	16.4306154291295	1.9678521843302	7.91530223314801	10.1287760256271	20.8474144925626	11.3944219547714	0.853364913751549	0.0358231492992214	38.1168846130473	0.168176506815139	6.7378856173393	1.465705668685	0.178120038215239	1	0	1	1	20.7158315739224
10	967	75.9115114557988	14.4134542652265	11.6952084251194	4.8949257945557	13.0208627759796	18.9126133311615	6.90260664226646	5.35677248748062	4.06120606683629	1.30338046611434	30.1092687473203	1.05809242601205	3.28625468358175	1.75638790005072	1.69724497649357	114.232508701282	26.402491592098	16.2269112388078	7.94203569798601	20.5068569167456	13.8088712715837	13.2971747225421	13.8266853396863	11.9435780927352	1.82355068487183	91.897520919615	1.71736510427579	13.4501224494821	5.41074934858625	4.70582646123116	1	0	1	10	42.5582171137725
11	1444	126.799426778037	25.921219098523	14.6904665012797	3.70904316968043	22.2584102647437	21.3326567429556	5.89472844840826	5.33576898416462	5.94523818121203	1.36778022815991	16.2585672682514	0.612019387270877	2.68620331410474	0.915649474134508	0.490881529426158	175.70146092355	77.5288724879486	15.9629969741848	6.49912790685226	31.4147489013239	14.2150987290387	11.2294494997794	19.3057594230734	21.3975384580431	2.17840038759787	86.6112365632435	1.15664795963146	18.6757877142147	3.48761512370914	2.86461056857935	1	0	1	11	99.6909785975425
12	4486	97.5904534018196	12.6330950467139	15.6041034294362	4.75034797448627	6.31802006800798	20.4994968913028	3.6690052137025	1.40085187140182	0.354619820531529	2.89258043894314	60.7909324166719	1.23755869036727	2.5951518496435	3.78421278645211	1.595652753336	129.909638851277	36.7728668874812	29.3154351095798	5.3169542884102	13.0716988547861	19.4591788149543	9.50383165175588	7.27967368290512	4.09535582806614	4.26206752110375	192.804645946192	1.77508673961448	9.29847098242985	12.4643804542473	3.73416986821351	1	0	1	12	144.029993646771
13	619	45.1332665897112	14.6545902546919	2.1010275382629	4.62685773780029	2.75916368644647	5.94769677572027	0.169124019748675	0.00437008479863186	0.000160438062978371	3.41798933181527	57.5855949924141	4.4562503712651	0.251535996949671	0.614939417456605	11.5980515044326	42.9047561223841	35.6494822110031	2.42393372920596	5.22131453349091	6.24621565906722	5.3927883038363	1.28773687713193	0.0326645643917177	0.0015337418970958	3.3623153923487	98.8425530700689	3.7207023481185	0.698750238908067	1.71120081310959	10.0712278642603	1	0	1	13	6.53690439772033
14	1781	64.6850530207555	9.61772781559919	1.57006978295496	6.35847753510416	6.2726569748234	5.24245905198905	0.12468412960252	0.00137049922007147	0.0244312488596771	7.29827451820036	25.5175538657905	3.23602939670812	0.106758509090723	0.551362453540225	6.9457952775384	57.8121115101214	22.1517554681224	1.99208514798424	7.38018626163356	8.00769805477931	4.77281171456575	1.11079140090113	0.0141124093997823	0.227994371474355	9.0374483624065	59.2159609646449	4.02375280946273	0.391210359010796	1.32864828131046	9.60620822679368	1	0	1	14	18.1442846715014
15	1292	17.8401789623006	12.7653640538016	0.408911317118278	3.38563380822502	0.492589404326246	1.70290915114991	0.000990245889279063	0.0000317746931992563	0.0000239268144570412	6.96776560737156	19.2682530546636	10.6248977038146	0.0189284507689021	0.145409085609954	23.4123365654617	20.6909886226181	33.5387420556684	0.732972764525197	3.78123993201911	1.82022590686645	1.6770060564538	0.01414385769654	0.000174895863690497	0.00030646723729879	8.34969522885355	29.7688387776675	7.31579500477404	0.0777247042531154	0.532215603158096	11.5506415454053	1	0	1	15	11.9922993574058
16	456	33.0846470134312	5.19647214993975	1.63277551100617	3.28544086082564	2.56239620947514	5.29507700978327	0.0188305394149224	0.00107738020694867	0.00545423077006543	6.11373759297424	68.4440892844817	3.27627434206111	0.260615232871243	1.98317708418349	6.91012057964055	20.6924979516462	6.71965677141878	2.25295431980034	2.55421895900546	3.39977234551517	4.96001031593389	0.0913985550741502	0.006914614286076	0.0278819175261846	7.15956394895712	223.299157620227	5.11706574013906	0.826204485867899	5.06601822603123	9.71873396612924	1	0	1	16	9.43668804243781
17	1151	38.649172952168	4.00617036340854	3.28181985274792	2.85352674059239	2.41069690291961	8.9453486037909	0.207268158981701	0.0403150487616867	0.0307194227229684	4.09555416652963	31.3934140602191	1.66683610739715	0.425691948435661	2.89409851694988	2.56103049010056	31.623986435928	3.94828210048814	3.71047245890442	3.78315530913355	3.36979965959991	6.52560117483412	1.07734274063421	0.303191762868216	0.225233297038972	8.74024591163318	71.6806339637485	2.43599421804373	1.4309382357033	6.7140726088867	4.46696581879185	1	0	1	17	14.097794394275
18	388	35.0288559914951	4.67615569230003	5.71535475368803	1.87140407378435	1.22618568570055	15.7634192161299	0.858754383026744	0.00359327648424433	0.000628767089718702	1.26043801152673	17.5096201356266	1.00616556754486	0.340363055863147	3.96182235999374	1.01672392422087	31.1810440674085	4.86463373327518	5.31720105829258	1.50901222012319	1.47716441874341	12.1855248980297	2.07296416687785	0.0169324178060997	0.00689083501397839	1.57183949645688	21.6914379451545	2.10817536524726	1.33729318904862	24.5258162130157	3.05650725595206	1	0	1	18	9.04519323957875
19	2481	40.3510002976061	9.23022898835019	5.1244850094663	4.63438867829739	1.11545404729098	11.5775645539414	4.7112210749349	0.557412374370403	0.004205426830981	4.07592537284365	55.7877268374479	1.7734904534481	0.0885374824583721	0.930578528572535	5.16386899393675	41.0688383897283	15.8096520869996	4.96793078038401	4.68378017469265	2.78687575599643	11.5141647637503	11.9002199537896	2.0574591453547	0.064628855039354	6.68891049629752	125.215606370663	3.33510367521937	0.251575435201612	2.3475773060563	8.3501402524913	1	0	1	19	31.3421059645169
2	876	44.1943524037901	56.759068181726	22.481599298904	2.86070741493754	16.4418683970837	19.7770261017851	11.6700681071795	17.7003980046727	5.96302842966175	0.0743112091896601	9.60607811312976	0.167313138470168	4.8192273756191	1.46561539806374	0.0859693304036389	35.9802024136001	130.307660623625	23.5885283197166	3.42025651031971	18.6926444052403	12.6727482398529	17.6634305890074	37.2389338111567	21.1191107214117	0.134020146462048	41.625825090727	0.247760456193984	43.8498254784154	14.9169319581115	0.292057639631587	1	0	1	2	103.491262264866
3	380	69.3944226586377	8.3102995611893	9.93835764135309	3.54298458180596	15.7497016407823	18.1374229742531	7.17978709985041	12.8608611092593	38.2335523283438	0.333015745503787	13.8230864644607	0.216291718294254	3.11084135604335	1.0935998407477	0.0945840028717717	76.0579124834622	14.3356356492662	9.2189984848829	4.35530072748534	21.0705805777824	8.63727121501158	9.11478558580012	21.5220349097006	83.9051171999989	0.46250564694248	58.5387938827195	0.31491815539954	10.19623135268	2.88802440915094	0.264618322965631	1	0	1	3	76.5533443947925
4	1789	67.0894918000541	18.7276219325888	19.1309555726459	3.82827433369794	14.3277772158877	22.1322198300266	15.2725204715348	7.99274761274593	3.69563961907371	0.49597155852893	14.9674615246859	0.364449693683392	2.9998851168376	0.967271384869793	0.244561574936541	79.6865526947689	44.9842950048132	23.9710537823891	5.82405869583851	21.7479011079078	15.5693392318269	24.5345140917865	15.2524903261103	17.3709425636165	0.920244552801751	54.7284268700127	0.522518337206472	10.3127958966025	3.60427744161781	0.703511404953032	1	0	1	4	87.5184725576509
5	579	83.8051950836563	13.9001653969446	9.75594333829206	7.03391970850637	11.7723132556024	14.4165472095749	3.23067184108563	2.21380752121079	1.49492276073039	1.56430916290618	21.7749066632635	0.759275808863749	3.56316566181238	2.60726733931838	0.781410574783115	85.9763281108407	32.5398248211659	10.7855126550714	8.17274427138579	18.4211978943439	10.2047840609284	8.9274585007988	8.00687029864897	7.58547216701067	2.58849995790824	71.4085745695557	0.761658124755159	11.3733320425557	8.76247265438828	1.48987308583221	1	0	1	5	19.9587599045684
6	890	58.2775578463393	7.7058570592737	12.6723575471496	2.74064118115679	9.23679314381699	19.9765907438757	4.85823549269596	1.14203590448282	1.28832426437155	0.640599120662905	10.1695285875512	0.343524449988892	6.41888867106292	4.60868961485474	0.143643253519006	57.6491267043725	24.3958589854998	17.439577837587	4.8148759343619	16.1426145425482	14.7529499043559	9.50029230943101	3.34604892162956	6.15339881978567	1.20171783600312	33.9357250506718	0.483864574063077	23.3054846130028	14.1246863554275	0.592041071623137	1	0	1	6	52.4322472267951
7	380	58.9834719074328	7.74097346892845	10.6188172232216	6.58308201635535	6.71146020237278	18.4716780570356	7.27609030581774	1.53418447868455	0.175495111962703	1.54534180244565	67.6999389911679	0.335922270621143	21.1984798568368	11.1782731025131	0.187372128666334	51.8601073227452	18.3674840895619	10.184922601223	8.76976960292829	7.30365635819411	11.585158735405	14.1010466639702	3.36104397982269	0.874630052394061	1.67161046929053	196.339512758699	0.396621776886466	86.9964762608218	40.5740423536528	0.523027112158026	1	0	1	7	80.0313589668716
8	942	101.886327816678	38.8308646672657	16.7662651178079	9.05554638279919	17.3354996247735	21.8235995452253	4.45867275739689	1.81999662465655	0.228962010286077	2.13286674926413	40.1360425969121	0.292264393018595	4.67792939694431	3.54026315088974	0.188000739385875	103.438686097972	123.355309525351	18.2905426870477	9.68259134598824	20.4265041930885	14.5144043397187	8.60588566306149	3.95865112820596	1.34358129548712	3.34923763900446	176.61213327511	0.477335940728871	11.1692020239793	10.0821414833713	0.800250587027041	1	0	1	8	34.6786623332652
9	1449	78.5257011844601	20.405832725585	9.29239332208842	6.63552639538878	8.57921193040144	12.3627096705051	1.90978373150145	1.37992005687651	0.129836520528106	2.30676560035384	52.6563673958791	1.57529974570206	1.48307874825743	1.28675861470291	2.15961138350644	79.7314115220574	51.4865703712642	10.4967479441422	6.58720734231015	10.326381902164	11.5515769165135	6.24766035474797	6.42856960379886	0.832702425979507	2.65815510009186	182.672456580131	1.31690157372406	5.67090778304028	5.4169627532165	4.12608807447326	1	0	1	9	32.8460062839636
