STRATO	N	M1	S1	COST	CENS	DOM1	X1	SOLUZ
1	3015	35.5578535357563	37.1339379143185	1	0	1	1	2.65403525535406
2	2607	69.9117734000794	82.2673721234665	1	0	1	2	5.08413437008861
3	2298	63.617452468376	60.9516399067315	1	0	1	3	3.32034937296658
4	1090	98.9081598080366	102.294961145541	1	0	1	4	2.6431943896232
5	4343	98.8247071612095	139.035634385093	1	0	1	5	14.3141088790314
6	813	124.05236197836	192.965157150768	1	0	1	6	3.71892831615536
7	1822	85.3269058018963	114.12050629147	1	0	1	7	4.92901825400676
8	2649	63.4197923273519	53.1942785477753	1	0	1	8	3.34037516058731
9	4702	39.0760709277025	37.1814692234196	1	0	1	9	4.14436059599207
