STRATO	N	M1	M2	M3	M4	M5	M6	M7	M8	M9	M10	M11	M12	M13	M14	M15	S1	S2	S3	S4	S5	S6	S7	S8	S9	S10	S11	S12	S13	S14	S15	COST	CENS	DOM1	X1	SOLUZ
1	8052	2136.82856526961	1806.05347743349	2044.69836083186	2107.49088102873	25.1239681652627	1777.55784648018	2098.22841498107	2.51286265726609	1857.49111240451	11.1245902475868	8.40172558981018	0.248070629055569	6.37452436249834	48.8230754404669	1.24489939358731	4633.11089199952	2792.58211445022	4095.49949632788	4330.2170811914	66.6104299052483	3011.47750912114	1913.20086515112	7.23237129779566	1036.15647649949	56.8686364680814	129.004774141409	0.229599675755342	14.2604324951728	297.240721431646	20.9338366433256	1	0	1	1	8.51046643997463
2	37213	1765.4980688058	1416.53566178604	4149.00412473369	1231.17751155337	235.315187422656	485.612006774111	743.233991664216	10.8789830475806	1332.3662272792	827.261362078152	24.4817351984872	0.276320700424789	78.9754898821097	584.842598934145	65.6177533626945	4655.92770130729	2061.84573719547	6048.40971629389	2595.73931165195	442.269923637052	1063.96911217766	970.625563056345	24.8361778796823	909.956190179408	3734.89443433051	150.647396150441	0.339475996577058	288.694175659502	2961.05537278206	713.222726005488	1	0	1	2	45.2347134193445
3	4180	1081.93028917352	435.824338963696	1328.50396895188	23.7629408462123	382.696078434271	56.2322267177454	107.083049872726	99.0080323016114	363.457029120184	8164.81538685386	467.964301198092	0.269641772534732	132.525643969082	641.249379053835	2372.63932376174	1692.2570640839	1091.16253731445	1334.54445848004	44.053079774807	360.480606158547	202.021858042117	361.66128970219	144.090080706121	576.59542375732	18718.4816118057	544.373193091529	0.366211630768861	489.127767781689	4081.07133331175	2574.73739907013	1	0	1	3	4.44613004716684
1	5104	1158.32113533556	1153.15994214164	1619.2740661465	648.114406585904	19.578283825263	759.638747747218	1130.48737961071	13.5629054705216	2031.50097712141	89.7135470463842	4.65509307959188	1.04824821152726	8.67491014892778	25.2967922892839	0.114313538045575	2678.06102212501	2089.0701349821	5342.89485944013	1903.76668407354	57.9050521423879	1075.36423195727	1086.22913559597	64.490829823349	1141.57140748144	668.38112836361	28.7465168488203	1.1575825450866	79.4730207591154	134.474770259324	0.768117930239224	1	0	2	1	4.08386044405222
2	5962	1791.77789444975	1636.38406500361	3510.38345214101	1387.37636381099	103.363840245683	368.146516802226	765.401284036772	36.0888705567707	2066.09233352454	1025.30661475447	15.4597023215559	1.66232128603236	27.3387389470764	195.090254310096	0.196028431487368	5245.43027868416	3006.66824053632	6158.87200859734	3183.86649752621	205.535021068065	557.921050152077	1034.77315952143	75.2178576246991	1396.194189987	5440.77354509024	65.810214607996	1.71491191745547	231.605374947916	924.834012408795	0.721099139912222	1	0	2	2	7.86689246993434
3	43648	910.667163859902	659.068816470526	5935.97988990833	631.155224162821	468.438160081665	26.9173411035243	179.390483981488	174.47517060507	855.119573592483	5605.21924951952	93.9663683125253	3.08263356698207	172.145762407589	544.760253184529	271.052693959889	3365.76409903089	1230.15145649388	7401.13722563644	1388.87383506617	764.351935852809	119.938749817105	467.406006907697	242.525600725185	888.562581547674	43441.5424731686	216.984898459871	11.6880216909354	1114.71961774921	2807.09725876314	797.97582026824	1	0	2	3	51.5641335110989
1	26697	1393.92351782896	1196.44629903585	3582.0649905276	1025.37483922057	103.749752151561	310.815097395002	1028.61910850711	33.4470839133975	2811.89757782718	681.343201088394	26.5298649681879	2.18529970708183	31.8697999505839	88.9460907048392	4.75614305823691	4455.46179256256	2018.3769201464	5998.54598907537	4586.53112121034	271.91388252345	705.116250796422	1427.26789697605	96.0261779612251	3059.22011278097	3232.03796460457	170.429328018936	6.08041758742884	164.037120042775	453.837349854972	91.6095917501509	1	0	3	1	29.349841482113
2	31383	1049.52035623994	963.018038902954	9541.38475844437	1053.25638771157	338.438579671554	25.3976160399036	144.980041623669	187.163738976157	1162.92426308759	4682.30287515765	66.8375468301586	7.17334341235135	335.41334753638	167.870554765756	23.8277265686263	3778.13739106002	2017.20562356423	12054.9867675461	3541.57851108173	413.78903921055	174.76345388825	511.540036880454	259.877734453509	1185.8885522593	14159.7805999526	201.448367017697	22.1177026792999	1450.41274346701	939.652718668494	108.271198134008	1	0	3	2	42.060559479114
3	19140	728.429300587878	270.172443824008	4628.9365993336	408.795450223852	320.767637106116	4.80910567810516	42.5089706752335	468.778318639625	407.717547173734	4698.50730298583	484.142492323947	9.43108629264826	107.608147775791	85.1286367994559	935.423255341503	1742.61085367788	514.082119646006	7810.19330272973	995.209865916388	354.432763057206	90.4815714630231	427.484428263345	527.285933103235	517.263476366557	11524.0935980243	750.628021711807	20.5931538672457	515.674600812718	780.919990267197	1110.46595148602	1	0	3	3	18.2821593058551
1	4477	348.102802549224	184.337491495732	1794.26734120934	413.682275384635	166.817008228211	1.54222654975079	74.3767648722024	183.776080007296	579.36248195632	53.4425894159251	18.8616818552524	4.72141446463265	7.72682227476143	6.37833451494969	71.1344168695454	415.500775690671	155.224741693895	2334.84667870936	728.975481669212	407.944370250899	1.51458412141547	186.46853211397	647.848932024302	442.099502702435	221.5602505733	106.810570579885	4.09028306334476	11.1461345780505	8.62913369629679	653.008776380717	1	0	4	1	4.93832224785739
2	15609	264.355200136854	104.134622475952	3175.37912112115	407.951239414705	257.690625122748	0.241482069597095	19.7587885698857	468.520565333287	468.804782580101	337.86273154301	97.217044652594	29.7843057024681	97.7997505754939	9.03906405110114	159.803752472598	427.330789381683	102.38840606756	2640.70249987488	592.945797143885	586.473111339981	0.525948764536821	54.8290147188948	1169.24243890688	406.366301402311	1120.99433623405	961.708571715931	93.4369138418777	263.346174011711	13.2530870327286	550.283491215701	1	0	4	2	17.4319440450126
3	8151	372.163669033672	54.5328775728845	2509.96319430257	90.9843608795217	413.147352931645	0.0122580075658061	0.363841434192147	1059.74222785903	445.829897016365	4110.60653052028	358.556212303893	105.465734343717	113.114946655149	8.86857321473013	1280.79420325505	482.286368844745	75.9410689974108	2825.89833082652	232.693772884227	702.834431105772	0.0866325298487639	3.14066028184479	1571.62950318778	519.289455432319	7416.46606350318	909.661475713848	232.908832751554	346.091380821631	25.6853199322561	1337.30353959437	1	0	4	3	10.5022424794356
1	9482	896.516077274905	298.845533559225	2619.29554395083	286.120752773474	299.801968769589	1.36567593420585	244.672008179475	140.566714794385	1137.6213173947	172.243565980721	46.0222247162754	107.392750995704	13.7962760061442	2.68288019058222	45.5512686144773	1977.79635184558	366.425261831805	3815.48818596362	698.520723000019	517.35280092777	2.47299231360274	541.032161700197	446.769042499837	1061.55857456496	577.426356810421	229.260515570293	309.600417004691	16.8250466630981	2.92758917303798	307.739058736683	1	0	5	1	11.5449974393127
2	12749	562.163465988557	217.480230295306	3934.38408134026	76.368452750006	246.25258908993	0.281812697204226	41.7599415411674	181.021828159483	890.001409905236	1108.74965305249	45.103172215963	226.918817425541	56.1778408374709	1.84542288259728	70.6341445301713	1093.76520968472	234.015174409126	3768.66287345568	259.69269679107	338.902898034105	0.806640403495337	155.618558972139	483.830518617586	910.594689560935	4759.79486973162	156.07939164082	613.66514018618	126.775076906744	2.15498607689398	239.649225321037	1	0	5	2	13.6669691704836
3	14762	628.812641763462	209.074503961635	2573.51073795996	19.0131992087518	351.180485102589	0.0580945868528962	4.20333392263223	573.352532937906	327.08576475074	5511.76920369919	325.845746302844	1290.53317907624	72.2474589891221	0.453384308921041	736.332127857537	1010.49423035075	232.706630020912	3319.7464928557	99.7997617575729	365.658898954296	0.450602719246224	37.230464498245	802.566138038518	332.588402150237	11407.1169848795	993.736035707436	4211.20897334973	214.731996234388	1.15187456762547	1032.98796954206	1	0	5	3	17.5327691370961
