STRATO	N	M1	M2	M3	M4	M5	M6	M7	M8	M9	M10	M11	M12	M13	M14	M15	S1	S2	S3	S4	S5	S6	S7	S8	S9	S10	S11	S12	S13	S14	S15	COST	CENS	DOM1	X1	SOLUZ
1	9328	2026.95192835639	1613.17180364296	1247.90838058155	103.002985815838	49.7609024055023	1109.64213852676	862.531413078288	425.475047949245	2.31331992897702	791.15893028115	11.4508160202458	0.208283841082199	190.926239430937	55.2343554611802	16.9738059981875	1596.87628261193	3061.27585034168	938.557852671056	146.825970332775	63.8829724050658	748.648923395504	541.760625394474	385.419123357527	3.03984184796708	3048.37782071313	30.5977397087147	0.118581160826487	363.730420284522	108.644832808489	55.1113292763177	1	0	1	1	6.82585251807411
2	9196	2891.88171296945	3347.84791776982	1613.77134213947	172.246683385789	964.685647826829	1483.5904608194	964.867624222452	1186.22625139117	0.97760825338035	239.004765187734	6.53191315209536	0.143909469685378	394.298009027111	150.134914435152	17.5167928796099	2495.2949859041	6780.65067383516	1681.3800004849	229.34888445247	1031.34773354577	971.794737765236	556.21945993809	1295.1760952865	1.33244389678514	729.343156964786	19.9625865612023	0.0750001248652682	1508.12911609491	392.399650118467	111.118385882327	1	0	1	2	11.5478217751023
3	14432	4374.66318702475	1290.03262035772	1056.69145907059	229.024856808475	2471.13788189866	1312.64565219479	739.569579523553	574.965739280708	10.7058728889532	592.164244430834	19.610128825535	0.246023762943953	305.919604295847	55.2761932812794	33.9543223331846	4490.30439957801	2279.28031453918	1639.28801303202	369.427215979485	2912.07854808623	681.530415203229	903.56199375849	891.869356147684	17.7529449079539	3063.90908944855	48.4127867886843	0.197912692779712	1164.69359238851	187.277522787465	157.799275004108	1	0	1	3	14.1461505654622
4	13035	5225.38136915216	1539.72698860942	1561.74110131577	320.742944657052	973.30785294095	1220.68161440232	1041.91893143671	498.75245846168	28.0585923125942	1692.38340045226	73.7638411442927	0.431169430502294	714.220929600394	50.9059430074786	156.264315952856	8254.34618374925	3794.08651983035	2817.73460328431	532.409524115954	1106.76018402425	910.716891004649	1140.74186982094	707.286455138783	43.1788131533834	6498.99039568041	180.326129894794	0.400053482577142	3327.50924637028	131.530019575947	418.875600310027	1	0	1	4	18.4775890968525
5	4719	2451.30799933108	1035.4559983079	307.147112760477	231.800987872949	418.510056760629	410.144742970364	279.120632397222	93.0652276493332	159.234109877041	816.79161039512	513.059389151086	0.415918372288767	78.2581716871691	13.6775254784513	1312.93442737825	4084.31382362831	2216.27517421153	667.368472920977	259.410452199338	797.790743611935	601.198082745351	380.414454828659	156.55374181349	208.159273665623	2778.83124011403	629.15430818232	0.487909839700568	452.194808815522	54.0719972025883	1454.70038510595	1	0	1	5	4.07017835049342
1	19239	3077.9106995813	896.304454012277	1487.14607382087	157.674821383887	776.317227757799	1757.0062176926	779.183719086987	274.341469830532	29.9804286032117	361.002101497947	0.63580310651975	1.85946746998867	626.26606380468	181.467285891868	1.58144672369501	4308.65580393998	2754.79413042594	2239.34578093283	275.595348502186	1106.78852597075	969.914333275526	923.873711144139	404.054909538772	64.3999360663891	2635.47289981351	1.28435255464089	5.22058194871908	3745.41807716023	1440.00123272539	7.89403105285405	1	0	2	1	19.8132774510673
2	5819	5971.48634228888	1389.83442183263	1147.21802857427	464.527634054265	834.804036982703	1309.45377724821	418.148583427117	377.820147514171	77.3736581304844	1504.66110831516	6.03755435630284	4.12054683438087	737.02032093778	299.740929272049	24.4317820933858	7817.30329566994	3957.76879001187	1980.41267629519	644.564723038806	945.779811805596	819.796969194588	598.521294472965	1074.83883319815	144.42632095836	10084.0998962292	8.46796223669671	20.655122217704	5803.81818458116	2332.75267872861	111.898996244997	1	0	2	2	9.72684026320087
3	24200	7374.79032013729	1094.14534983591	390.212874227735	637.07778349533	732.135582457975	548.760946783268	101.070540784812	42.1337447331824	226.224388163418	4603.4460606194	105.435219806597	3.65402466020872	216.206495658205	159.352077615594	114.514900971952	7363.14767312125	3363.40591058496	537.544103849896	799.309793100193	823.891995430327	437.377426411381	244.197151973907	256.337541696525	278.563305780032	24667.5324520073	110.238156863985	14.7848159631462	1588.70730620915	1051.52515214745	302.406349569042	1	0	2	3	28.6069017701487
4	6391	1204.48592793304	525.367481272442	43.5321487517577	92.0220302846138	134.232577273975	112.430429898602	32.2058170847194	11.3568651892252	490.293962612805	1332.25704837417	338.295838656579	2.9713775158208	1.32337391512775	2.69376868632595	1379.34566146387	2483.64988058566	860.295152957037	120.120692138315	131.563270139548	438.621598383887	287.351845693987	173.432005389762	44.3059453184277	388.404871986057	6702.74419848778	385.965026521035	2.50806200337022	8.21824045633464	12.7068236296619	1109.23250462128	1	0	2	4	4.96286420611712
1	16159	4648.40483995912	2413.00872033352	950.880096306128	137.278129874362	1602.48396340444	1962.72006586205	494.343005358033	315.447094601594	26.3930690245256	249.614259053793	6.69460395969775	1.08618932774424	210.516393746344	40.341954142779	32.9854740024239	6878.48847119484	7009.70639637572	983.034313528362	261.456133358672	2851.59008832353	1579.76190359751	781.255640760843	600.591857792436	77.1088350020613	1552.10610959167	25.5425278529413	1.54882570141676	1832.39699927728	184.122272714946	173.268298486153	1	0	3	1	19.7228056143368
2	10780	6284.71097963382	1204.76480420763	1457.3768063473	140.637235011553	619.074505108202	2647.11956511682	950.858839759497	259.388016971534	43.3400298235475	628.053099737728	11.2145688615269	1.44123400393206	49.8811878358707	42.906092755957	18.3122876076939	9127.9905608313	3642.11849118467	1603.04588620896	264.515026359583	1378.72920705688	2445.30687651291	876.659470858336	374.386054005789	81.6225903198578	2785.12530593012	38.9534251487078	2.52747731500852	305.630744958684	206.308850140358	122.300717724073	1	0	3	2	10.3896696613719
3	7403	12967.2572910877	1863.7797372495	698.041807002637	321.021621923999	1254.25169236858	987.984165163851	380.411062252137	102.815878751357	186.171176131477	1799.40211208335	94.794918986909	1.05785908281425	66.576973849694	57.3020176282486	38.3921714965949	11198.7970016881	5364.40967103381	822.000732781547	401.083033661922	1447.28556428886	974.432133621418	743.574891218954	314.786067610635	194.731982473525	6063.33921217168	143.753588390556	1.70312118858226	912.436901471248	341.455278905377	181.233623515619	1	0	3	3	7.81438761464203
4	31394	7402.08928686403	472.810506686808	858.261687277238	313.660296766824	410.553982907385	1326.82947396329	244.728999987872	20.1303146063772	220.027845766151	5412.28245126472	99.2177722000299	9.85995276775531	108.565904617771	289.129475884968	80.4885617436979	10678.0479018706	1470.29990505794	1950.53570936537	343.235283946066	583.649141549672	1952.87396211921	516.676547608862	76.44434677802	269.334686292804	14693.6201598331	169.309237155492	22.6351311291988	320.582240723714	1177.02927419671	194.814754585494	1	0	3	4	38.1977863139645
5	13002	2208.24716490972	581.167473972067	74.6983550277307	274.62329884298	260.272648523987	169.925518695002	62.4727122534533	7.514057070873	665.203902358227	2583.90040426482	574.580254999302	9.63840375683475	8.59252702037092	25.7256502511351	1084.18735847466	3446.73187818769	1263.23165631375	146.420710741639	304.497472770312	582.444179093182	227.603583963525	286.085155219629	53.8174549168197	605.9039104894	6217.10334696289	632.226264370781	15.22730662465	69.1423050447937	170.274485393538	682.420632319037	1	0	3	5	10.4945027251518
1	3113	2854.09033319302	295.307836600289	166.59135884506	135.875480873797	325.350944969696	749.872252138127	161.816375512081	0.889638178158035	120.891439711467	116.178358808114	28.4050229977838	6.02268895501658	7.73797360461988	11.3854889240529	95.3511574950103	1832.02001504973	444.728248813037	150.04508528746	196.701510618426	257.470115583773	569.750498375001	108.704296762022	1.90875790082438	218.785976278297	383.284963926907	49.917084783024	5.43298075433038	17.5121959928985	15.1717794933826	302.567858935017	1	0	4	1	3.2998532021012
2	15686	3101.34365480344	312.893238028944	164.287446001075	281.257349932745	396.15488281083	478.744882178879	10.2976975960506	0.454246096988602	447.609725537388	246.19803976935	54.7734881834585	16.6055672081102	9.0060157907084	58.6494307500545	172.622655277558	2071.47199200145	400.140224140623	190.648070802677	382.86745341062	405.258790307104	448.904520485141	26.4721029306275	1.20124940354049	723.067601627633	776.98822061824	110.268868397461	55.815802225837	14.4518787304008	129.862744216168	341.370935832944	1	0	4	2	18.8161261616274
3	9922	2020.19101550772	332.884914910647	35.2985190840654	251.015426392302	72.0598537425173	295.650913884126	7.67479901742374	0.321488981029315	966.737237699308	7596.62839005179	306.787352661195	107.487279286452	4.95948137381457	93.0160600919748	903.499746818391	1933.33040507285	408.542759572115	54.8127873882951	332.4258337834	155.903226961474	360.163787592614	34.7944543050767	1.28956834218999	984.746526687034	46581.2907659402	324.88102332786	223.406367358955	14.7050864607683	242.839248031063	845.549902039516	1	0	4	3	12.9858937440282
1	8184	2303.93936018065	321.558267151936	194.778712869182	76.6459409874363	94.3931957098575	1168.11955522739	30.9464074077749	0.363179010254973	60.751897759799	422.854903916833	11.7739790512106	91.8776562702831	4.99275207971291	38.6052707079869	49.8890859724187	2049.25111937623	360.30270066364	178.902436128616	73.7389517323067	157.576210721264	959.011648273052	41.278499286376	1.28858149733904	104.733439908205	1495.36349776302	20.5568547584008	151.654218891241	4.49858706706457	55.4945449409785	131.538312295141	1	0	5	1	5.86450522479026
2	6182	3960.54230574992	330.956999909473	95.6914197966277	131.446730857523	73.2338556136865	500.39951974186	6.7093528393129	0.214876216359598	262.120751471377	2202.97105624128	106.345423400207	253.718981952373	1.48062637206327	120.245428336193	195.28783824874	3416.75711777411	318.891225536656	120.005877379702	101.066282315647	136.494717487333	358.435955817859	15.2091468809974	0.879224476454197	333.674349072173	3580.60161513166	114.65081550503	398.555191247476	1.75234566038818	217.159597917432	275.945374969863	1	0	5	2	6.62597207862246
3	15884	3742.67347243471	933.644072189039	346.642519849716	421.851319181654	122.419683442491	896.626179290153	153.016536542603	1.02806944891798	212.133283979117	2738.68011979042	61.4981962068648	706.683889610132	0.876587650989716	29.3728543458662	221.906434809294	4532.04595904871	1277.86953696541	248.838930162197	431.434258961878	304.88129092876	943.977793994809	255.231217692631	3.05002834919512	420.204981280903	6928.21790473615	205.714584178582	1844.15684311032	1.02074254477421	46.7327343998426	437.507772662511	1	0	5	3	19.9439150576516
4	7084	1073.17996646269	532.094053188444	68.4594243546823	257.32122906674	10.3690119729396	112.195251379441	10.1558722354248	0.183396393706885	905.021488608317	1951.63384450039	618.32761419846	699.738147328305	0.161512966696907	4.82729482061532	1038.02434835983	1320.9275099101	569.187906808582	144.886633952423	255.894142149926	47.0319204249956	256.102733709927	26.4383990998984	0.480958966605839	847.607474526948	6129.20522710346	1339.04406500547	1739.53543057698	0.569235246924249	15.2656329822376	1051.47539800194	1	0	5	4	7.96803928743188
