STRATO	N	M1	S1	COST	CENS	DOM1	X1	SOLUZ
1	21582	40.6658808528518	92.8307335558862	1	0	1	1	16.8955665204594
2	14124	103.010078779404	194.073433302098	1	0	1	2	23.1160212946739
3	17886	246.903793655936	331.585088547885	1	0	1	3	50.0146813817741
4	26345	654.610306764937	776.867237671949	1	0	1	4	172.597419213239
5	53779	179.215557185956	340.376699549108	1	0	1	5	154.369619374916
6	52470	304.332002907319	356.818748121907	1	0	1	6	157.887597904315
7	42328	174.662197189536	197.532299880851	1	0	1	7	70.5107212167097
8	10263	586.91571927838	450.236760427228	1	0	1	8	38.9676815870218
9	12375	233.537752428213	223.125648325193	1	0	1	9	23.2854154590966
