STRATO	N	M1	S1	COST	CENS	DOM1	X1	SOLUZ
1	6039	348.874465721663	245.47324290225	1	0	1	1	16.3051713019911
2	8602	498.443632500214	490.760734114008	1	0	1	2	46.4328586440528
3	7106	1448.25743323271	1437.60781153201	1	0	1	3	112.362606044066
4	21131	580.397227751923	842.014618353388	1	0	1	4	195.702267514868
5	40194	79.8846973078204	172.422892566805	1	0	1	5	76.2276148433397
6	9207	310.155264064452	449.282842398712	1	0	1	6	45.4981934662012
7	8107	464.469177807814	1055.76662696817	1	0	1	7	94.142186103787
8	41668	215.276857088608	442.874581780397	1	0	1	8	202.973615129015
9	109098	3.22339622683885	18.0979533882294	1	0	1	9	21.7171299804019
