STRATO	N	M1	S1	COST	CENS	DOM1	X1	SOLUZ
1	103026	0.0186161215493312	0.292843469104441	1	0	1	1	2
2	46101	4.72083221678523	28.836130416443	1	0	1	2	16.8881699934953
3	8591	22.5778731599389	77.2544827949145	1	0	1	3	8.4314578492743
4	26785	95.1087216249732	411.874634588978	1	0	1	4	140.14963214171
5	22814	267.242391917545	664.491620141306	1	0	1	5	192.58666406782
6	6699	529.244770274523	1104.91165686843	1	0	1	6	94.0313774478314
7	15334	991.786034842234	1299.91912063183	1	0	1	7	253.225277443493
8	3652	428.026795855257	579.145480847752	1	0	1	8	26.8691362464667
9	18150	59.368281147125	146.264881986028	1	0	1	9	33.7250000735859
