STRATO	N	M1	S1	COST	CENS	DOM1	X1	SOLUZ
1	4301	587.06672462784	406.670293241705	1	0	1	1	11.8814463994392
2	11429	274.809518878706	312.86850019017	1	0	1	2	24.289998874511
3	4565	911.229730696333	944.83578730278	1	0	1	3	29.2991174110614
4	3168	2118.51161651941	1615.97350956355	1	0	1	4	34.7757761581984
5	27247	498.356003010857	773.728111174639	1	0	1	5	143.207079953367
1	4158	270.976614508758	256.734458159072	1	0	2	1	11.596126272533
2	31856	29.5128385360892	78.6276143199507	1	0	2	2	27.2088777838505
3	13057	272.699759378297	422.226172980678	1	0	2	3	59.887039376426
4	6578	447.13998459812	1128.06464348841	1	0	2	4	80.6068862427965
1	6160	333.479309895295	670.968563958334	1	0	3	1	56.0629097874049
2	11242	129.919314637215	275.47860594549	1	0	3	2	42.0072457043706
3	11473	364.441545124019	596.905525423138	1	0	3	3	92.891364452881
4	14762	106.943327907691	171.203556812245	1	0	3	4	34.2807830419645
5	35101	3.12260345622299	11.5800748367763	1	0	3	5	5.51345208778068
1	2046	1.84164344226637	3.27284075012968	1	0	4	1	24.2404544126232
2	2959	0.464772533316374	0.933033688742889	1	0	4	2	9.99430373098312
3	15301	0.0832293632189798	0.126392339405053	1	0	4	3	7.00085078123245
4	8415	0.792371325034852	1.52221761341049	1	0	4	4	46.3704293061075
1	1573	2.03859535702204	2.84298128866423	1	0	5	1	8.26010680571237
2	13354	0.10615169898264	0.243925472772685	1	0	5	2	6.01660452847776
3	2178	5.26173014796996	6.01189837283517	1	0	5	3	24.1853537971156
4	3762	1.441366336918	2.25024304446947	1	0	5	4	15.6361978879688
5	16467	0.0256833826756893	0.0656032944351886	1	0	5	5	2
