STRATO	N	M1	S1	COST	CENS	DOM1	X1	SOLUZ
1	25454	9.87434664210282	85.2363633060635	1	0	1	1	34.051664109558
2	55110	9.61362493061469	38.4347989551199	1	0	1	2	33.2439341910819
3	60434	42.619816511015	122.936584362125	1	0	1	3	116.60572460482
4	19657	19.7725868411178	53.3761141937315	1	0	1	4	16.4672690252992
5	25278	130.437036283994	205.166480059583	1	0	1	5	81.3966453181358
6	28160	210.664209249099	320.799940700307	1	0	1	6	141.783051452515
7	20097	495.601545927637	568.320642090684	1	0	1	7	179.259446919634
8	3157	865.112020588442	2060.38796725806	1	0	1	8	102.0894763078
9	13805	118.516363428412	285.736117029823	1	0	1	9	61.9097341115153
