STRATO	N	M1	S1	COST	CENS	DOM1	X1	SOLUZ
1	1121	55.9027835544106	78.6671596849058	1	0	1	1	2.41386634435772
2	615	864.380976231644	657.207181556941	1	0	1	2	11.0634748566521
3	660	1953.00883005007	2008.45256053084	1	0	1	3	36.2843753274827
4	426	3928.13361381912	4011.12545016219	1	0	1	4	46.772435097264
5	2603	1155.71087219503	1260.59926016747	1	0	1	5	89.8184079720873
6	3210	612.801763925237	723.76928183447	1	0	1	6	63.5944647225308
7	2897	1436.37207526742	2324.54558306058	1	0	1	7	184.331984637266
8	5464	381.894557291566	457.343946845131	1	0	1	8	68.401836634965
9	5836	74.1871373257746	189.057115539208	1	0	1	9	30.2010781882091
