STRATO	N	M1	S1	COST	CENS	DOM1	X1	SOLUZ
1	55495	31.5735466282807	91.633654262266	1	0	1	1	8.92717904615219
2	64482	139.258855361368	341.558018728743	1	0	1	2	38.6641412085364
3	7194	289.498803650133	1122.68057474442	1	0	1	3	14.1785567266262
4	31075	167.647153781075	376.474958169365	1	0	1	4	20.5377382399154
5	47927	532.759707514031	990.136843411024	1	0	1	5	83.306876139149
6	16203	1238.49197514426	1976.80557317903	1	0	1	6	56.2295712599908
7	13343	2017.67993379183	2978.39504689949	1	0	1	7	69.7655737666619
8	6468	3593.98833943831	4803.31771117677	1	0	1	8	54.5401977371478
9	8965	5716.10082445601	7467.72897495657	1	0	1	9	117.528779184132
