STRATO	N	M1	S1	COST	CENS	DOM1	X1	SOLUZ
1	1243	1058.53607735254	934.490372551219	1	0	1	1	2.84192299859114
2	2398	3371.76612174112	4388.87570988366	1	0	1	2	25.749500411598
3	2123	1739.9088534063	2127.35045219366	1	0	1	3	11.0498245061944
4	18326	937.162334190022	1473.4531586765	1	0	1	4	66.0648362435214
5	16511	258.80478265423	446.780338478126	1	0	1	5	18.048195086435
6	30932	464.629915965785	967.756952621509	1	0	1	6	73.238703573797
7	16896	187.751107285713	474.544198081793	1	0	1	7	19.616743582354
8	62766	39.1575610530049	213.507543578888	1	0	1	8	32.7871768299918
9	99957	0.70130906693453	6.99811337689464	1	0	1	9	2
