STRATO	N	M1	S1	COST	CENS	DOM1	X1	SOLUZ
1	8899	13.7703074425105	5.33895869484646	1	0	1	1	2.59756714229766
2	17292	8.39586957294143	4.34710202260982	1	0	1	2	4.10973741347048
3	12848	33.2427545791776	22.8561520869274	1	0	1	3	16.0549020215736
4	8822	22.6544177966452	13.531160905499	1	0	1	4	6.5263615043722
5	2849	54.2765231488703	30.2980543054308	1	0	1	5	4.71928497715521
1	16302	95.8341482677545	49.1452401932307	1	0	2	1	12.6491098309257
2	15224	109.018134067363	78.7270179346152	1	0	2	2	18.9230087124565
3	19250	188.496923191187	84.3954323241898	1	0	2	3	25.6499952381897
4	4873	26.0140897453681	21.2047930877183	1	0	2	4	2
1	26103	108.823975656322	119.747175277372	1	0	3	1	27.8595776542116
2	15928	190.895767427123	125.350497875954	1	0	3	2	17.7953337514965
3	31317	283.081240985232	175.959234120698	1	0	3	3	49.1146487679072
4	5390	50.3742714754479	50.2278308422431	1	0	3	4	2.4129705169365
1	671	397.129547005884	156.033725236102	1	0	4	1	2
2	2717	229.308373572957	99.9326140843604	1	0	4	2	4.21357241900582
3	13376	118.486105749013	49.9711271735763	1	0	4	3	10.3728711196549
4	8129	165.047173028637	67.0467098882944	1	0	4	4	8.45800954095052
5	3828	129.840721255633	39.3427813838792	1	0	4	5	2.3371714088555
1	9570	95.7506241950439	30.9654639879878	1	0	5	1	7.03394089626499
2	7095	158.655062980812	48.9278307922003	1	0	5	2	8.23981662539388
3	20669	64.2968238407035	30.6884711249965	1	0	5	3	15.0558022932009
