STRATO	N	M1	S1	COST	CENS	DOM1	X1	SOLUZ
1	2167	971.236478413104	537.172423247859	1	0	1	1	3.56780011891429
2	41008	1916.69888135585	1113.85287563004	1	0	1	2	139.998800378271
3	32483	1378.18100037342	939.14670447381	1	0	1	3	93.5012605830122
4	25861	3004.51324874292	3091.72226371997	1	0	1	4	245.060707334545
5	17908	1032.48506008199	905.440906118231	1	0	1	5	49.6975628926552
6	19888	563.032377257828	490.559564263284	1	0	1	6	29.9027240985556
7	20790	1148.20475845631	1116.45933739841	1	0	1	7	71.1418729469537
8	38357	618.608000942532	546.425840852934	1	0	1	8	64.2397373827893
9	52690	334.259787706904	427.664375048769	1	0	1	9	69.0651832017455
