STRATO	N	M1	S1	COST	CENS	DOM1	X1	SOLUZ
1	2574	275.287174864774	158.308347657112	1	0	1	1	6.23786320183264
2	43989	144.754274665068	92.094386483142	1	0	1	2	62.0155694787102
3	22935	219.330070163373	201.110024085591	1	0	1	3	70.6083316921819
4	11869	640.700476880365	484.570906178303	1	0	1	4	88.0430244490954
5	21659	403.069415981598	271.37375541442	1	0	1	5	89.9766322307822
6	41921	231.443387064428	146.460385390288	1	0	1	6	93.9886245952442
7	53416	298.890585537849	211.174862577281	1	0	1	7	172.678024386891
8	18744	161.489368817642	71.2744780695344	1	0	1	8	20.4512477136858
9	34045	86.1310706465166	54.3754494343901	1	0	1	9	28.338684482684
