STRATO	N	M1	S1	COST	CENS	DOM1	X1	SOLUZ
1	29205	13.6531688907182	43.0879406961717	1	0	1	1	4.57984086102202
2	33220	55.5846883821984	224.713600906909	1	0	1	2	27.1685478318555
3	12111	183.844001139297	696.993177029582	1	0	1	3	30.7217513270381
4	47762	133.220449328539	333.007245747412	1	0	1	4	57.8860114416573
5	40975	316.595173931099	621.631741915284	1	0	1	5	92.7021023175594
6	32142	568.795242549588	921.667192518933	1	0	1	6	107.816310003063
7	18678	1193.33866287266	1447.24928739865	1	0	1	7	98.3809822009562
8	16709	2487.76906954653	1956.80174262149	1	0	1	8	118.996646934218
9	20350	356.514135292295	458.119949102867	1	0	1	9	33.9297809595623
