STRATO	N	M1	S1	COST	CENS	DOM1	X1	SOLUZ
1	14718	1441.53029674028	1225.11338165815	1	0	1	1	21.7888243676342
2	6182	2110.25873462387	2798.83846189173	1	0	1	2	20.9081472539337
3	11473	868.793078825979	1079.48558582466	1	0	1	3	14.9658902904987
4	10802	1998.46177231847	3525.32587465539	1	0	1	4	46.0163489297045
5	7535	698.622031607474	1193.05349657585	1	0	1	5	10.8630528028299
1	4114	951.004320860675	1274.51258394601	1	0	2	1	7.75245332297529
2	15180	1582.83430386321	2645.94124399419	1	0	2	2	59.3858138185579
3	14201	774.100671963582	1045.17758174168	1	0	2	3	21.9452108619028
4	22154	315.152144006214	467.937738582154	1	0	2	4	15.3274874120211
1	36531	1079.31376963247	1342.17184580944	1	0	3	1	64.9163742550306
2	4939	2127.3271740658	5146.22611563649	1	0	3	2	33.652122457664
3	7887	1105.65022730814	2011.0211521628	1	0	3	3	20.9996980169795
4	29381	354.058474526038	736.820472637824	1	0	3	4	28.6624181483562
1	9801	134.085788969923	110.514991879471	1	0	4	1	25.8698069943243
2	1364	259.440020827705	216.224081867115	1	0	4	2	7.04401115905899
3	11209	87.6217237837245	80.7920949159524	1	0	4	3	21.6290448841702
4	6347	46.7642340127395	59.2969118823124	1	0	4	4	8.98880953059388
1	1573	238.423341829421	264.261294457942	1	0	5	1	3.99226920998388
2	14696	113.343184485045	100.062870697738	1	0	5	2	14.1230871858766
3	11220	317.93602359869	220.600380841913	1	0	5	3	23.771503642674
4	3674	459.40642880031	478.817460178258	1	0	5	4	16.895329628919
5	6171	203.90522113704	182.370634997268	1	0	5	5	10.8085639230821
