STRATO	N	M1	S1	COST	CENS	DOM1	X1	SOLUZ
1	34936	1.64764310746234	14.3998566216072	1	0	1	1	2
2	33165	12.1095107324417	90.9336893882046	1	0	1	2	8.3430090127365
3	53911	44.0536336344466	154.753993707153	1	0	1	3	23.0800716440896
4	5368	120.298979548154	411.088270902905	1	0	1	4	6.10471638636373
5	32879	108.5761998828	249.841894936502	1	0	1	5	22.7248886920002
6	10824	62.7827463540849	179.546608576173	1	0	1	6	5.37629250558829
7	36476	244.545995443263	387.832413063992	1	0	1	7	39.1353487883972
8	24288	617.089079861414	684.277183252874	1	0	1	8	45.97711459038
9	19305	1619.52691337628	1044.74056939455	1	0	1	9	55.7951134350672
