STRATO	N	M1	S1	COST	CENS	DOM1	X1	SOLUZ
1	1936	1008.79081529213	551.271521042258	1	0	1	1	3.50954395263812
2	26125	1823.3672047117	1038.79666173632	1	0	1	2	89.2414503977955
3	23507	1343.16516454087	817.821362127544	1	0	1	3	63.2172257846806
4	23628	1917.57301904911	1324.81709696945	1	0	1	4	102.934903546867
5	23254	3143.57255472203	3175.59338151363	1	0	1	5	242.829995533594
6	45672	885.265160860269	822.948930462841	1	0	1	6	123.59550910117
7	41151	539.191108022125	465.951713291229	1	0	1	7	63.0523215866798
8	25399	943.90236714216	1024.34181061876	1	0	1	8	85.5541918716043
9	40480	294.092098907826	392.704058934989	1	0	1	9	52.2739922983445
