STRATO	N	M1	S1	COST	CENS	DOM1	X1	SOLUZ
1	4027	0.286277367492906	0.237508101555094	1	0	1	1	2
2	1481	5.83405064591116	24.5616436304373	1	0	1	2	6.75743591734901
3	6839	1.53100482621509	1.9458480248714	1	0	1	3	2.47212811131348
4	5943	9.82528639232266	19.6576286090152	1	0	1	4	21.7023272270476
5	3051	142.662817933249	245.605978433737	1	0	1	5	139.203640477271
6	287	657.052272511086	849.935421932198	1	0	1	6	45.3145088884695
7	632	1294.42822905843	2189.0221057702	1	0	1	7	257.002103002516
8	151	1988.97064261151	4926.99643725744	1	0	1	8	138.206556706433
9	207	193.94329044414	454.900760429427	1	0	1	9	17.49268436152
