STRATO	N	M1	S1	COST	CENS	DOM1	X1	SOLUZ
1	37686	1.72107300173093	17.2836539208599	1	0	1	1	4.97217640241027
2	118063	16.4011707751528	153.58178336721	1	0	1	2	138.415409985943
3	17413	169.443413320366	485.59184156057	1	0	1	3	64.5469765471772
4	10428	578.921980239562	1055.03467473616	1	0	1	4	83.9844105724054
5	2046	920.038061994696	2947.21920590463	1	0	1	5	46.0308495885074
6	24145	460.361679776633	976.191603594531	1	0	1	6	179.925699719214
7	14586	28.2685877456422	88.6356397908708	1	0	1	7	9.8690537840582
8	12969	423.504971383266	939.260675582674	1	0	1	8	92.9872818518819
9	13816	86.0242763915918	181.732518658003	1	0	1	9	19.1666358994689
