STRATO	N	M1	S1	COST	CENS	DOM1	X1	SOLUZ
1	42900	19.964797958635	76.202381134847	1	0	1	1	14.1647865445572
2	13530	59.1293740858422	241.440391857605	1	0	1	2	14.1544149712893
3	12672	165.3667317998	655.509207960832	1	0	1	3	35.9921807233463
4	56078	137.928034202588	331.392196598872	1	0	1	4	80.5228233421133
5	32670	270.923972456768	544.14506432266	1	0	1	5	77.0278948172875
6	48752	461.506024896638	789.669547914888	1	0	1	6	166.80997891119
7	14289	900.445136936052	1163.74385451738	1	0	1	7	72.0515680545823
8	18557	1517.69485397259	1637.08328875749	1	0	1	8	131.632382817564
9	11704	2506.34277165255	2024.67786305117	1	0	1	9	102.677301805436
