STRATO	N	M1	S1	COST	CENS	DOM1	X1	SOLUZ
1	59598	10.0254678563678	45.8619444124965	1	0	1	1	27.9591261905114
2	26719	39.9059017022055	151.250513922714	1	0	1	2	41.3386703693299
3	29062	48.0706337426396	281.898710373878	1	0	1	3	83.8027040715026
4	31867	26.8982548775094	90.6817683472544	1	0	1	4	29.5597397193578
5	21593	79.6967070092817	288.69176460558	1	0	1	5	63.7656549317717
6	4972	707.734438244528	2901.00560878323	1	0	1	6	147.54317783757
7	40194	174.069660732476	407.379444057733	1	0	1	7	167.494204345153
8	23540	755.603445250171	1170.70436528126	1	0	1	8	281.8987440959
9	13607	91.0585531275447	246.840819107564	1	0	1	9	34.3572827054452
