STRATO	N	M1	S1	COST	CENS	DOM1	X1	SOLUZ
1	5841	0.197982600049392	0.0893092765505937	1	0	1	1	2.04458307784653
2	23441	0.123744109140958	0.05312910411467	1	0	1	2	4.88123382353917
3	4873	0.237268054083797	0.116814703581656	1	0	1	3	2.23107878740639
4	10648	0.462227059164833	0.323903395726858	1	0	1	4	13.5177536625395
5	4642	0.704908777625207	0.68438124507901	1	0	1	5	12.4515730278231
1	4004	2.33906516709135	5.28546189829045	1	0	2	1	2.27769976658893
2	3564	11.3035721243153	37.8861087112566	1	0	2	2	14.5323938204428
3	2475	4.10005010532586	11.2491477067582	1	0	2	3	2.99650001786513
4	44671	2.01501278920135	2.02426338994441	1	0	2	4	9.73222537028493
1	36399	1.39801073963314	2.18457659929795	1	0	3	1	5.81730816649791
2	36938	8.47876665452986	12.3761821765966	1	0	3	2	33.4445542197753
3	3883	25.7270405928358	65.7232981732921	1	0	3	3	18.6703337347211
1	18480	9.32173408175652	13.135401694129	1	0	4	1	2.27060840435342
2	5324	126.630584466452	271.295176010813	1	0	4	2	13.5106745889903
3	4433	112.620194772284	180.781369521091	1	0	4	3	7.49632348231506
1	25872	197.952024305087	429.768392400782	1	0	5	1	5.03785429253915
2	6622	1438.10945872346	2338.00604176406	1	0	5	2	7.01481034146886
3	1903	3063.05477807491	9831.87692108725	1	0	5	3	8.47727651910284
4	2596	958.61633421854	3563.99161453023	1	0	5	4	4.19201173477161
