STRATO	N	M1	S1	COST	CENS	DOM1	X1	SOLUZ
1	19008	5.13934598706282	101.547574775302	1	0	1	1	11.7462621584118
2	4411	150.796411394415	1270.92157976267	1	0	1	2	34.1153257132077
3	67826	3.07654415063043	61.5523133755988	1	0	1	3	25.4058831288012
4	16720	27.1929284576297	298.826201449233	1	0	1	4	30.4052555360878
5	40348	15.8980013139807	94.5062787530011	1	0	1	5	23.204722831367
6	23232	150.229260966595	596.285031151728	1	0	1	6	84.3012892538511
7	19547	390.740796813405	1250.72348173414	1	0	1	7	148.776770380659
8	15917	897.274209110661	1891.98858510115	1	0	1	8	183.262428983652
9	39600	137.245918848611	490.592660441862	1	0	1	9	118.225168828699
