STRATO	N	M1	S1	COST	CENS	DOM1	X1	SOLUZ
1	3135	881.538109984147	927.046028459506	1	0	1	1	17.4166613451374
2	3278	3157.87058082652	4261.80264726208	1	0	1	2	83.7198320757057
3	8492	1248.5870658468	1458.26436844674	1	0	1	3	74.2116887222113
4	4917	755.938660067989	1042.50051963628	1	0	1	4	30.7186802158261
5	40392	437.087440077889	976.262324794338	1	0	1	5	236.31318405151
6	26499	263.133773583578	522.223632793184	1	0	1	6	82.9300774978624
7	52932	40.6229374923067	238.638100519408	1	0	1	7	75.6979558333236
8	15829	22.1545576332333	64.8704029048027	1	0	1	8	6.15355574059468
9	95678	0.533614206341582	1.78027203068319	1	0	1	9	2
