STRATO	N	M1	M2	M3	M4	M5	M6	M7	M8	M9	M10	M11	M12	M13	M14	M15	S1	S2	S3	S4	S5	S6	S7	S8	S9	S10	S11	S12	S13	S14	S15	COST	CENS	DOM1	X1	SOLUZ
1	3773	2294.77325950173	1700.58128916118	1812.26905099568	1998.42393077459	19.8760094384505	1919.10145854602	2053.40295841252	2.438397829039	1914.30493882909	9.34462638571326	5.61870150584874	0.232476357683141	4.91263578621008	38.1838956011317	0.866569544973138	7861.49376565029	3895.91219053979	5920.51495145667	6568.4723035767	83.6080103369261	4550.59567836293	3212.497146844	10.5307027331918	2011.49931910184	55.745639489804	107.433970325989	0.504382323427272	15.5346490495077	325.982563328111	17.7223870505348	1	0	1	1	11.5289502452803
2	34023	1842.78548532315	1601.47955423173	3509.9340294684	1369.68685412192	131.566788515161	719.227004795035	1059.92980226441	5.80798685254062	1521.59037367244	481.276271465138	10.9502793135704	0.275956173087681	72.1782035417452	601.893838050333	26.9590584792463	8515.32370752816	3900.09209458389	8474.11409656128	4597.60378247986	362.074896593518	2457.07942560024	1960.80877798638	20.1038600644767	1723.36519694935	4261.88977188681	176.961779739347	0.629942764521542	468.220589445613	6043.46127653605	766.818890618156	1	0	1	2	116.354246013172
3	7964	1403.0158130821	903.219973128514	5825.84769099817	1080.54778679526	581.351928292202	98.328417598671	122.75588459508	29.5522427513118	777.617850618812	2040.54837291807	95.4656336800868	0.27524024475414	79.5272786439808	338.892751820596	231.970418243217	5943.41507559207	2551.23910516219	13638.1302285047	3006.56550280197	1195.47797505018	485.585245073907	595.53933266789	68.2334635810802	1022.08161328852	10041.3507828376	411.98413876874	0.627511059508698	366.618507171635	3465.25533189754	1296.27595168498	1	0	1	3	25.3111803033764
4	2354	1360.11787604693	472.907860502168	1450.11742108499	27.3057339053638	465.229759700465	69.0960625622126	121.535801597413	61.5927259679461	357.489345665046	4403.37637139552	417.754100994988	0.228150819097753	97.530650534705	731.344319879056	1990.49566857255	4152.75784236824	2107.78414127112	2571.2034704903	73.5391086920453	773.206177499068	357.48488865513	527.720256879639	144.458561931343	766.684332026726	16074.2018944915	827.179677187944	0.56477390993189	490.927860267845	8962.55354946995	3380.40044742807	1	0	1	4	6.63157476485047
5	1331	671.386706862734	246.514049415803	1091.30304219542	13.7426170573462	205.869655457446	21.2919710665517	65.4876802456621	199.661792746773	341.066977653479	13200.6990484459	631.148335142496	0.345172397055668	128.435704444707	855.925002206275	3699.06878951924	2268.30838876067	833.079296632578	2047.36484091228	42.5346891884721	390.608313490506	114.62693046265	326.479777265491	312.648532798198	899.045525842096	39684.7365960284	1098.7301961488	0.84358296306035	505.209689694734	11478.0339660168	4848.97122677239	1	0	1	5	5.17621144932751
1	6160	1108.35547865267	1208.17137698379	1827.16093173152	797.920615118758	27.0654105977868	738.512929314858	1088.48657479053	16.946530446386	2055.64045151662	138.432809372574	6.15510010161972	1.111642486666	9.0007072919555	26.6209081803016	0.149437476732125	4318.24992576533	3469.14897728865	7763.2466417881	3694.04430140068	138.65883858692	1794.82367032462	1989.5321883507	118.088896461607	2140.09092506581	1488.5653114459	45.7057242943935	2.29455817174067	127.118973043664	242.310481586376	1.30337990351459	1	0	2	1	18.2096607089167
2	15829	1115.38254048188	1423.58693508445	3827.81831295903	817.239639876973	198.604327680344	154.478844082573	624.149960969366	40.7024914340371	1818.04226143625	951.358045152006	8.88182105162221	2.78754825497547	138.88868721914	962.548096866743	1.64456006698619	10065.6828155238	3773.14748960988	9166.10241198781	3299.51783914932	683.949381765618	520.432160053907	1256.74174125307	134.259776976663	2164.48306783179	9128.0333733156	55.8768260122848	15.7178921335894	1248.99765309388	6686.21463782487	30.1397179946555	1	0	2	2	56.1129633719842
3	22858	1068.56958513683	553.809739122303	7996.62040917666	844.708891344506	700.721334512458	14.1588934413384	58.9845351681521	185.257962547026	723.963207990701	4596.34747110152	63.6846733072419	3.13207882205049	229.182912518622	392.706444315276	69.5760808957609	5408.79380626096	1290.48955099532	13949.5790650057	1727.77642242411	1544.56062039219	159.194277866113	423.071525461684	373.962614820368	957.67760438062	47924.6981926435	178.213063437598	15.3368907155292	1980.39520005541	3226.07460253328	401.661205247619	1	0	2	3	75.5739745239547
4	4994	861.087424003111	269.841837409585	6117.38718847284	252.422220663122	278.666044820959	20.1761069118715	40.9735657801653	200.980544722888	381.265724931064	2276.62406456589	181.582522139351	1.57552785699845	26.567623379481	17.8029999188644	303.457108704437	4535.20247073713	574.280527030626	11133.2069830406	472.758726969541	716.117299725928	237.965987472042	441.029741778604	359.487524638861	559.188537879813	30320.892833211	391.326888989616	2.62166753742978	209.572581736375	279.98869680162	1079.5653963857	1	0	2	4	10.8485548028798
5	4873	613.391974713856	47.2492213403355	408.78375858558	1.41898255238152	104.249695886849	0.0672126590623151	0.176896539607226	385.706436955325	58.9522410937751	24309.8617807333	336.397528240997	3.93310545255962	21.2200049000716	30.4702985658022	1849.04920630425	3000.32971660709	264.75761570706	1076.23128522043	8.44978341313731	255.195477677822	1.22140485924121	4.37964693759627	527.253571772111	145.824137361879	229989.307023936	697.172649616643	5.58484413064351	137.340080255476	588.323553589545	2495.64666468907	1	0	2	5	16.4479198926142
1	24244	1341.76308845796	1199.17502412497	3299.90433741072	992.976253531494	98.3293603835215	336.906375924418	1083.97091704872	30.1285676666739	2891.37508090352	564.960555311884	24.9546937966993	1.9985476621736	24.24224635828	77.3985940385912	2.35595498552156	6779.99341620384	3078.04067204931	8070.01443842342	5192.77474782517	475.759004981268	1127.89028138137	2277.68842643824	146.65460431512	4502.12294582982	4774.73285870959	246.348304284907	8.2255816264328	213.407815737509	599.056671656508	34.0820309068468	1	0	3	1	79.7641007827422
2	37213	1030.65292992206	954.912218979423	9028.5194107043	984.218915520298	322.117487281744	28.1627757624683	164.719493082279	186.782215577028	1172.72335604665	4636.31405276089	77.2588244234951	7.29285128705884	305.323131303697	156.777068751027	36.0060995776729	6028.26814826681	3106.90455896347	17589.4480631502	4537.50464903303	662.248511423894	243.769134203973	769.227415660627	377.155396439822	1905.60100708933	24611.888544138	318.32761426553	32.4109263328107	2036.94388429535	1246.08452307265	244.245860234781	1	0	3	2	129.686675802866
3	10351	814.971548128189	263.4939068961	5374.37538614903	532.838730474931	365.591869258602	8.03102294098099	55.4310450539108	491.533689657239	421.384101441986	4303.79194365457	441.124360901943	9.64957703354467	107.290646220111	54.5728553857657	736.225876871334	2796.95265568701	651.547334766898	12500.5963764408	1873.91603058658	615.562396001626	173.533545725748	890.767539660724	959.621674643862	669.069917593667	18593.4278723326	997.594816029842	27.9952714433537	634.832293625528	501.794225749046	1311.01662126326	1	0	3	3	29.1216657104505
4	2211	604.762584633297	150.774775066024	1583.77408477429	29.492778233474	330.346018457168	0.989386467651	29.0461934857066	607.968694021892	303.862620550457	6726.58519112898	978.056619001669	9.49127316019017	66.8752106514166	158.347884409328	2009.73008442902	2528.59502147821	469.622550054812	3334.86755328476	131.527162881924	571.198964873683	8.43503686027496	313.886579871785	896.641906874274	596.068004683644	22293.9686377053	2275.83381577989	21.9182689194899	354.275017003319	1973.0572674994	2572.43304811765	1	0	3	4	7.87080042069664
5	3201	521.711755552114	91.1014094871464	696.921197128987	4.12617484743336	173.902594999751	1.1059838595347	31.1966435403758	523.94520945559	205.321579440123	3821.33709423307	596.416330771245	7.79638397779398	36.258429626244	109.871917343895	1721.186183805	2018.31798200111	411.579170712106	1763.98232886102	14.1993855857409	578.094456355516	10.6765220587705	301.742703078373	661.880061267806	597.369500674601	15807.3833256848	1242.13970069078	14.1475740312081	209.640302793296	952.037137490856	2140.06241986431	1	0	3	5	7.43003904859116
1	5214	322.313366197153	179.200613980902	1863.48821330712	399.931882087032	180.18776424941	1.40599116363509	79.7072927516348	202.960639435952	582.20174690444	43.8118879636467	19.7673325879982	4.42585882098106	7.77697709107977	6.27675611396816	71.1232623330401	781.567537424289	295.931040517894	3652.03145496117	1113.04634679471	1047.45036775356	2.55946909177981	271.683900996214	1149.83688556336	711.071472623157	276.957023518092	156.565390325894	7.05534619742658	18.6232380358641	14.4254040200348	879.274161837001	1	0	4	1	16.6480825086337
2	2530	258.072677501933	120.603214411136	2815.44876643043	611.06662043263	200.185136180701	0.485236269408963	50.7074020671984	265.958350376083	428.627731281537	36.3485944580304	26.9621114771872	3.96946851725423	10.9738380400271	6.237319355752	64.5963149346251	1127.61936146598	215.385830398821	4441.3479337866	1084.12724447496	886.092235465349	1.14001869218694	114.932962579256	1308.14765976059	793.66688349011	235.133074582885	105.268232007816	6.29423460316684	21.495950544031	12.443140194448	337.376897799512	1	0	4	2	9.36104627438177
3	2574	283.859835000464	137.265451665513	3404.32831985657	667.591135779876	251.774208494055	0.331468135472288	22.6005343554322	388.56613705587	407.744720006223	47.6250937859255	34.0196330670288	4.36129780581513	21.0525608230666	7.64579823711742	61.1615296234175	636.894514136128	243.293728585748	4443.84623677499	1122.81545044717	667.541980228816	0.881078719627556	53.3704487883652	1121.11840313104	542.645838789936	245.008702241908	133.516826772779	7.65197327242312	39.0143395373388	14.5203643250507	527.523558666147	1	0	4	3	6.58505179079648
4	13915	311.337234105123	83.3427594593347	3176.46253621364	241.333314746557	385.159450910417	0.0889439123562759	3.10794900645159	792.042899838029	503.924498754053	1239.02213337128	200.400981261917	61.8783847525661	144.26695819261	10.2818631410054	449.700112087867	918.520771001017	172.442985174009	5027.04653325697	698.591715881036	1286.7434957878	0.538107480229658	21.7229239002076	2381.1430871907	719.057980988132	6594.13630776088	1255.20050835121	237.783668699007	502.566825337598	30.7813456680762	1277.8979014822	1	0	4	4	47.0580606937736
5	4004	368.345455646627	43.8151391108192	1605.98584399103	23.586681797859	255.321402082227	0.00254940074688224	0.0674997991737258	842.411704143493	379.465385464177	5271.81390144878	316.867742562972	115.293932927633	77.1281053062021	8.62476245046322	1578.39517784326	1114.72037462407	119.972704127956	2766.60309588243	101.326463664492	533.391766227211	0.0253072849901601	0.390735101084512	1229.20924795784	717.910549938624	18599.960483387	599.662526026792	437.035570140556	883.763190705534	86.1542583811342	2258.4995930991	1	0	4	5	13.4808630107588
1	6215	949.824925976534	337.775955532321	2480.36081698285	355.302249511868	340.43983285921	1.83895176952199	304.834371681861	130.611866418092	1075.31975568933	130.016159692449	39.4104648157087	68.3312893987329	11.8810184704525	2.59570625410128	34.2714277128274	3314.39001980555	740.833515919484	6052.55579269374	1122.26659332031	918.282964577822	4.49793004068425	894.779835114496	433.640991079715	1490.28559363363	726.652552103004	218.418578405901	306.156679226038	26.6794003008319	5.78269034542994	284.490976062525	1	0	5	1	21.6690175777088
2	1243	652.684049354989	249.003289879502	2455.82396656318	194.292735860305	209.181601494036	0.666381375155371	162.10699584521	105.225952968668	1208.2922637141	172.949116854335	55.8678756339334	146.097114221558	15.9157017790238	3.31397840805	46.6514473775108	2159.76254493082	480.248099657719	5193.33386682694	774.319940942648	532.900474411423	1.61216019780711	513.933922211498	569.839203318432	1713.89865215759	879.097910256344	424.996938503031	437.463654481642	27.5991097291026	6.95348532355904	480.906359791552	1	0	5	2	3.25706633680647
3	17028	577.548568320105	218.393131022105	3813.71049282564	75.6325545080923	250.749045739259	0.261856941092411	44.3762761171598	184.804347089168	888.741478223291	1127.681814356	52.5692029695061	277.792053818446	62.4393305888827	1.86807437790394	80.2573544384636	1946.62635433129	440.287471039817	6567.63764595096	351.421739674374	554.870523590653	1.02900647170717	220.183626706274	637.900431727359	1324.05269171853	7611.45496387963	308.772457545321	1115.43036598577	255.363354035874	4.24735269292202	328.101038224453	1	0	5	3	56.2772922412972
4	7139	835.768873189881	257.214704230857	2691.65797813764	27.0447315157515	345.508188882321	0.0992892267332666	5.92363236844207	406.799605709726	358.719945230492	6382.48506827017	158.829991279523	1673.28331958494	83.6337238021147	0.490141371681662	447.070886742698	2574.66162189298	452.819708796554	5330.99140993437	165.765049285732	652.390873938646	0.990916832001712	70.0375850372787	894.970498473761	483.63733930386	21614.6441869717	617.544582248242	6931.97759959368	418.20128886867	2.0859959196574	901.555667208154	1	0	5	4	23.9119978173761
5	5368	394.246895084625	131.104366159455	2010.4819068534	1.94766667492944	379.42175253887	0.0219907971994559	2.39348420088521	955.217496938993	203.909551305525	5954.10224520564	640.675478837473	1004.44323643357	29.8609848649335	0.13462117576215	1358.24963122935	945.200078265964	288.69928902739	4805.82561519998	18.463905915953	675.293870136721	0.137933017833433	15.6307030434384	1618.40591965633	376.786345019497	22026.5912901036	2113.26642156482	5696.16401135712	140.784611985988	0.617064976462334	2074.89987677824	1	0	5	5	16.9759269321118
