STRATO	N	M1	S1	COST	CENS	DOM1	X1	SOLUZ
1	45584	0.27329669281511	0.226379243162466	1	0	1	1	2
2	12980	4.28285541604963	18.6216784134419	1	0	1	2	4.3948306075376
3	83281	1.77738090273363	3.00496351248669	1	0	1	3	4.55023430142651
4	60555	8.94558356341432	19.5343719420402	1	0	1	4	21.507903870419
5	19987	117.219837900037	232.408625054286	1	0	1	5	84.4594948339411
6	18172	268.604933515276	581.390952595236	1	0	1	6	192.096575579637
7	6831	1439.81337300542	2430.41698735014	1	0	1	7	301.865654570631
8	2145	1862.15243866398	4491.96476010166	1	0	1	8	175.191190036918
9	1617	330.132483520327	504.494296040153	1	0	1	9	14.8325187467894
