STRATO	N	M1	S1	COST	CENS	DOM1	X1	SOLUZ
1	12298	1632.93549812662	2969.16487550429	1	0	1	1	43.8631373954866
2	8580	3525.07180536521	6974.91300700371	1	0	1	2	71.8880945368906
3	45408	1027.14992604738	2696.86123117531	1	0	1	3	147.103112895849
4	40414	1552.84754125357	4165.25060068917	1	0	1	4	202.210574005169
5	8888	3266.64481579045	8961.57670516958	1	0	1	5	95.6796023135404
6	13783	1134.68547842529	3746.29769924863	1	0	1	6	62.0264507571481
7	56562	498.63264717731	1073.80797505848	1	0	1	7	72.9595710091517
8	43516	327.732212950851	364.035722876455	1	0	1	8	19.0293458974372
9	21703	843.054958998293	1174.13786318698	1	0	1	9	30.6104527275561
