STRATO	N	M1	M2	M3	M4	M5	M6	M7	M8	M9	M10	M11	M12	M13	M14	M15	S1	S2	S3	S4	S5	S6	S7	S8	S9	S10	S11	S12	S13	S14	S15	COST	CENS	DOM1	X1	SOLUZ
1	83	9.456754197019	11.6884835734469	23.7262109931559	0.47733787639012	0.283301379144535	23.2906861306735	29.2903915007438	15.6450710480906	0.00293586195362628	0.00732377724646584	9.46827503802649	0.0264788096010967	10.1709564989786	1.07481437376997	0.00771320061668544	7.68553012362507	16.2063616378042	11.9969216002476	0.85506680640722	0.477693108327966	9.28591887431423	33.079825945078	20.6287691963597	0.0133004693617708	0.0142282903274502	18.1479745471435	0.041815928026318	11.6267223076127	1.27021400694327	0.0220973916245709	1	0	1	1	2
10	189	31.0498161408638	59.5023370315689	34.8120856184674	2.04845355490224	14.4780971662504	25.5080106805203	19.6147723475895	41.9677411526996	6.4486762642114	0.0631039840040544	10.1105035983202	0.317400093846396	3.33358063009996	0.903596202029788	1.07925725118138	27.1644903850014	140.898251563207	34.681692986697	2.99685690329616	19.8127966308855	18.3329472641352	22.2597748433231	64.8726326277518	17.5900802524098	0.164426466173599	42.1189444522807	0.95708527339796	19.3886418724576	6.38502016132171	3.58043943869675	1	0	1	10	4.73038944408864
11	90	33.2082896562736	50.2874289556596	20.7411161460522	3.40030862808361	18.8087200160229	18.2594259642422	15.5590874860496	16.780870096656	5.10071464850651	0.151493784757191	27.003702057111	1.16304787134813	1.60757668219771	0.374997945061311	4.2264669171356	34.594197373074	64.4182240403205	20.4238873602737	4.42313756253053	30.9080583605114	16.2491357139026	26.1765925008161	28.5359152999316	20.0012878792689	0.246089670056846	74.658659755549	1.7547529271023	5.14881408972267	1.20080480780495	6.6421045064181	1	0	1	11	2
12	153	45.8536540416118	29.4776729964992	15.8923786577634	1.73627852769603	20.5416071602793	18.4669175339651	14.088909628995	10.6299728861141	4.59055478345079	0.178520308417983	5.51065331197274	0.398127628827049	1.15793330143284	0.30373498905004	0.801774103562546	47.4696784917386	39.25590190054	14.0281656768456	2.45315339017712	19.9727479911934	10.7400010423999	18.8797845495695	14.9641920827058	13.6306708798046	0.366315975306392	20.3841246489431	1.09457889578486	3.76032249451198	0.755189356500227	3.24011988118522	1	0	1	12	2
13	71	30.0880240956981	17.8400073298036	11.4827287497766	2.0570224739122	10.7545431601944	18.2159681867784	14.0382946674671	19.6844915695603	24.8886826830609	0.237447372863943	13.2499744628211	0.84710179248022	0.541888322607986	0.231388747697166	1.9976032109608	46.8383454532878	31.1483131731266	9.14455085329265	3.67377973745235	14.9669330029125	9.4255216593861	14.1821395916004	24.9104384272598	45.2104765057246	0.463149562749563	48.5142585771132	1.7663262457181	2.02871089877229	0.966376843422943	4.73909235634754	1	0	1	13	2.79273217220999
14	177	63.7042542831187	11.691561043596	12.6267139192861	2.57219068434128	12.6943196454274	17.7438871268905	7.2285274500015	10.2143884161725	13.7228236438599	0.330960338954075	24.5061803130811	0.45024647877087	4.63198843450623	1.59190717791188	0.475693224298647	67.2229452980509	19.6479306613064	10.4356244998251	1.82030954370644	14.4659816588581	8.78441668269496	10.0560869782516	21.4095109113722	45.3513157312159	0.481658306190641	72.7590917873193	0.911951722269135	12.0456205200377	3.1317939897029	2.20517974750406	1	0	1	14	7.14040578392224
15	34	46.8081517279537	8.72859165568033	10.8747306104163	2.75143193546557	9.60885750233406	18.9753721177212	9.90935392447332	23.6006779553834	81.0902412831327	0.381946713439791	32.2607317813455	0.58425277494035	3.64849912574441	1.35825073844146	1.52120461649435	55.7862655587043	14.5417565161866	10.8486752252622	3.12791191708663	10.8206738577658	10.2055202001219	10.9758253498412	33.3721844876582	143.769866799305	0.557606057315786	112.539537448326	1.28966217329479	11.3855600983133	3.53873627868011	4.75322078586873	1	0	1	15	4.22791612789483
16	22	69.8548401750587	6.60735056037775	9.22139851427025	3.69810674671862	8.55064758485415	16.5141049970132	4.54467712555006	9.08743828396505	29.5824667990977	0.641101167232291	48.4134713296066	0.83987054281789	5.3585566135032	1.97478022837463	1.28048405551644	58.6621456700957	7.66321743733862	9.64097187963346	2.66392709142172	8.80833058310108	9.5736328284145	7.02967176078832	20.4192803930088	95.9229652746495	0.727459086704438	143.367015098423	2.09708133171928	14.476437894144	4.4129739711198	5.18274696523026	1	0	1	16	2
17	198	70.123638902239	8.22347318243538	8.62256608179257	4.04733360259449	15.7196881882563	16.8679180296786	5.46589074580751	8.51373752508173	36.6853085318635	0.382697954551796	19.9120780527727	0.446069335603197	2.02644526609597	0.794606789772365	0.837754705462384	70.2108213095924	13.8204941169552	8.06329056904205	4.50555059944211	21.9331859048532	7.64980554892609	6.7993958587426	14.3892647717245	79.9659060145388	0.490733326571586	86.3906333087736	1.125219603977	5.94038780951139	1.99544728523392	3.19258059130398	1	0	1	17	13.6877512181456
18	66	89.947176093339	12.9383376489421	8.70244386336712	6.42221598242358	19.1270482748871	14.6598664795284	4.66261399734705	10.346296938896	23.8641715485735	0.58266371156253	19.8513770284705	0.740783728894977	2.15109019288281	0.794582645121708	1.50439655154462	102.299812851967	24.216485555191	7.95991466741046	6.29656692162672	25.7716542300601	8.36243464300209	8.58971279751716	18.8007489549559	47.0449498391414	0.623482422829964	67.9601429005659	1.34025668538936	7.06095579659474	2.31480453906858	4.45588490173354	1	0	1	18	2.71093720639919
19	402	80.4389083816673	15.4394192218706	15.8017209745246	4.45039772956122	16.414981469844	19.0865672222947	9.5235964173198	8.02090536183357	6.184170247355	0.479278275525845	16.5722686239012	0.78804662067417	1.55674115411403	0.711478466496612	1.31253847819345	77.1913414017086	27.4951723518686	17.3190969010347	4.46840251160782	17.3556955681129	13.7649487353261	17.1031628318634	16.997648151916	21.1007272720919	0.579515577137479	55.7043529365842	1.42195923410914	5.7369041777246	2.05465380083931	4.27084514535339	1	0	1	19	7.73476351177748
2	355	25.163709043526	18.9950620649043	16.510570896703	1.04163050648105	2.85484392928597	18.9815687683071	17.0732273039235	6.28986261294241	0.0300691744770782	0.0143069082392885	6.13578536544576	0.0717334302593244	1.80259529651344	0.401579849940105	0.057172213730587	20.3100738353825	31.2217477228646	13.8535541272651	1.25426410965068	2.92881897927569	9.98759055518508	19.044000751977	7.04760463264593	0.116351092095764	0.0210120847453088	19.5192497705597	0.100329593933144	4.56445871278186	1.04979286546911	0.137750653183028	1	0	1	2	2
20	210	87.1837475109149	31.1431269728555	26.2022279229927	6.87450197049972	17.6804073885991	23.6552072552966	11.4517315542294	11.7966539884754	8.40170444207685	1.14544450482231	21.3164630525968	1.03019607871681	1.29529834093736	0.890098549463706	1.8743906280973	91.3108725627259	63.4798258185778	32.3981258955342	7.42309492278568	33.5950509176398	19.0935118328454	18.9713559664342	24.6001858870796	36.6363710109341	1.99590804199698	52.5708836929825	1.69026768821011	3.98182914895412	3.97264565632364	5.02934180850281	1	0	1	20	6.80319861842674
21	237	66.2829382935762	25.3006403855097	27.0976024849974	6.20164375964149	17.9255776755264	27.3599969172412	20.9084907501839	12.8420490964082	5.41829233264959	0.682263917171602	13.6942202416047	0.715354642109414	1.402467273	0.580710371472997	1.82336907806976	101.972607122864	53.2482686978272	31.2606983479121	9.84530180053198	30.7933600674206	20.1214744616926	25.4230806007042	16.4350724008595	17.5386858892746	1.2600470701876	35.876241804512	1.89927104396218	2.83977513577639	1.23379921748201	5.34609043355401	1	0	1	21	3.89404506227477
22	476	35.5604722345841	10.9435489830781	20.165782070177	1.93598448975549	10.3574836197536	25.7029870229363	27.5667979986866	10.1236093864077	2.43898492946349	0.22028421480976	17.0497699643926	0.412132714857483	4.5613099978777	0.800721851219784	1.1886421851103	60.5705079015757	29.3486818840147	27.3726327995631	3.97225243038179	18.6477261300169	15.761422266728	33.5079731143829	12.977674571429	7.78656177979974	0.520942297614957	56.1017241978474	1.44165325969502	13.554867068038	2.20014531420502	4.39035503224415	1	0	1	22	6.59281602025894
23	248	65.9687753032708	15.6457391684357	11.1002910557619	2.92709870195255	10.9705008673869	16.1393433404069	7.44903425851666	2.08882190027534	1.5152825601146	0.67492231210521	20.0579324157257	0.693258724341098	3.12380580323383	0.948442439786347	1.24760874448099	69.7414140697981	39.7436663406154	9.7089851773426	2.79230231139691	13.411525614397	9.71229229613896	11.3965137612067	4.93428304490713	7.51146244519666	0.93137429349244	62.1493293931127	1.42795496030917	9.17834770414983	2.32436136450138	4.35226444163174	1	0	1	23	2.47271533169051
24	403	86.7942289280101	17.9436167119248	9.15020410491416	7.19993756667024	12.1953915627279	13.5234095256118	3.56678828064495	1.77613647507662	0.715341758073546	1.46568115554925	36.5512851286584	1.00756317773655	3.25225577205996	1.61866581230809	1.38627213676221	73.6902992080084	48.9322307680653	9.84293595149101	7.04420311584487	11.8712590767356	10.0600670415542	10.0770995899419	6.43603551894016	4.46305674009906	1.57405144800925	108.183547772529	1.27857442621429	8.56711444863942	3.39210565624272	3.74822948383649	1	0	1	24	3.40756947522009
25	441	85.7491334212018	10.3431746788257	9.60051929678601	7.26280701799727	11.6924828545412	15.1018549862499	4.23398074957967	2.93220581059094	2.05240022416516	1.84925835110081	20.3733498060521	0.885995663751142	3.24549887136658	2.60541729124067	1.31205914190406	90.8199581819287	25.3925078365525	11.4062836026829	8.67148383078022	19.0670930162224	10.8842689826586	10.6091816726398	9.31453338369092	8.87322203082565	2.93559016256438	72.7935240964855	1.44751198562165	9.73749588254305	7.65020445807967	4.28208356537123	1	0	1	25	5.15718742065794
26	390	65.3023776811214	8.86392252807134	12.2089684017751	2.40646012051156	11.7759254640821	19.6337776808874	4.05645843562283	1.17564969844412	1.48704677298221	0.642329794437416	14.3222034983458	0.511257031846332	7.87697273918365	5.29700047252122	0.524872008667194	69.9978287549071	24.3350589159215	14.845162565984	3.50560440650306	21.4483130808032	12.9381537245508	6.64188499070245	3.96943991798311	6.95008962097605	1.24361489674819	45.1534114819188	0.869460114432487	22.1764818776101	16.2346183440545	2.39926545571447	1	0	1	26	7.66895923486727
27	171	51.4462846375173	14.699206885544	11.3420508758157	3.143325265392	8.09190105253737	15.8016089386351	2.51296094304183	0.362512761965792	0.636487940198979	0.735682860389567	24.7379193910621	1.84333191915559	2.52578372566156	2.86765789524646	5.08622795129862	48.7777933086633	37.3139351254632	24.0325570685905	3.68740827866789	16.1116123364498	16.5317461957616	5.8755151809611	1.55964943502489	4.87781421265038	1.31805836536652	65.6119117742124	3.1594088148634	7.01378242486135	8.55152150433212	9.46242322753559	1	0	1	27	2
28	196	37.6571144878213	16.9920710393269	9.19607667545851	3.55718034896576	5.59171526772864	14.5146328580807	5.01511466572685	0.996622720445956	1.48842816379357	0.987449007621889	24.6908815521949	2.93752839348493	2.11175526182488	2.09732181506783	7.91002488700123	42.1190983713088	46.6743854694163	17.2203386746064	3.76149342620237	11.336557677887	18.4240536070893	13.7541816519362	2.52382474994784	6.4647047997588	1.58877787356384	52.2235935418389	4.24003586719633	8.70294523614202	7.17146715128201	11.3433056780938	1	0	1	28	2
29	235	51.5320904206834	6.54719525452914	11.7706714466212	4.30438343239685	5.33698289566405	18.8968414516147	4.37666637530906	0.823442513185372	0.640255834476607	1.1271782306254	13.5462893985464	0.502929254081973	5.88098102046147	4.80951776171703	1.06743930693758	47.5994397713791	23.913748471992	12.9750519638254	6.28613245100637	6.47779174843207	13.3178081893259	8.17737648318001	2.2451836918391	3.28081040838816	1.81764109217631	32.0655430307506	1.28944193440841	20.9018963803303	13.4381476728426	4.05540486628208	1	0	1	29	4.09918748877016
3	329	26.262188422823	36.3602898273131	13.8506134709711	3.07727630005388	2.5102927754477	13.0487084776932	5.7311693550804	2.9316376486235	0.000639186551675286	0.0618342743019664	36.8847581740558	0.484471052043711	2.52117698587482	0.785785927163598	0.986239866161256	19.2796285007584	68.5805206135105	10.0809679976789	2.81295027799875	3.1018324126286	8.30065825940722	14.9600918364947	7.81192867097908	0.0053782107741305	0.0737103023575941	75.2143649744976	0.42807543824982	4.48789194466128	1.37890490465017	1.46054530706437	1	0	1	3	2
30	149	27.1562397343126	26.3689906182879	2.57357971442261	5.63177933806455	2.02740137152391	4.68999163037338	0.859782150296653	0.247576192903779	0.0406307353066925	2.33868718729812	33.9230379306028	7.14078980783033	0.100313319556897	0.112004118486563	19.2910805534959	34.7725411313336	52.3194543729392	4.75861941973087	5.43180437740695	5.30086738372115	6.58996906435799	4.15596395887405	1.59599599420386	0.461528255822203	2.84762725712839	54.5596546123189	5.39614043260015	0.576717579270726	0.506255005718299	12.3758104534583	1	0	1	30	2
31	123	54.3226289936722	8.85218153898973	10.058952646738	5.97428865824701	5.15895245816972	17.1460085766736	4.07688840642659	1.08286026932022	0.224369586271724	1.85550880581953	30.3043625605844	0.932510570668579	18.8370473653947	6.59426845276053	2.18040439832766	46.9602008955609	31.129874545105	9.4669346170416	7.93130800529335	6.01361416088729	11.2253366051184	9.09226239913745	3.29055374834692	1.18779400511362	2.67436775923774	67.6629757388525	2.34411954479501	82.6083588357246	19.2049301362859	6.23451486032064	1	0	1	31	7.61779652380763
32	154	59.0404602460215	8.03398136970134	10.646235201042	7.59997828367083	6.01942474044088	18.4619046111475	7.36834542166796	1.33587444269624	0.180123347693585	2.0686265788436	33.6934982063319	0.792575735779615	28.1807195981233	13.1846537324164	1.80629102028632	51.3643792102934	21.2766074911303	10.7271738365188	9.50618159388795	6.50585957015911	12.8237001188743	14.7257793579805	3.13617607443314	0.91232158737614	2.62303124995907	96.5370086170105	2.55226677818595	111.895635695458	51.7643917730015	6.53646894908585	1	0	1	32	13.4563817299769
33	94	56.8029273938869	7.37933982410557	9.50418191743967	10.308347801823	4.87924273189731	16.038235701077	6.49063617730484	1.61180669836889	0.12613053837644	2.8874732480511	78.8921782894163	0.927848214414894	15.4616364642864	12.8687554149427	2.23697430817451	50.6176849261395	12.8633514636035	11.79021889331	10.4679580068097	5.56175683447949	11.9093229330295	13.9872714080631	3.64380931257322	0.529542303512849	2.77548288476897	175.320116166546	1.81126899315052	50.1977160887691	42.3554652512088	6.40409958008808	1	0	1	33	4.12417610391175
34	510	72.6124568879186	15.8789652498641	7.67006169462991	9.01692301697205	7.91156389661876	12.0875682654483	2.89857036189182	0.578176721875559	0.0302060507049381	3.34072481743135	83.9435172694896	1.28473537221297	2.56678549795432	2.61525795973696	2.09409722224244	58.8205396424675	50.8271270069295	7.09012617729783	8.23888355422262	8.00274678372708	8.65279152100331	9.32140818281341	1.9669324812085	0.230251071883689	3.23796995205868	254.459546818801	1.81459857556473	9.30261460768968	7.18466767649617	6.12689355328927	1	0	1	34	4.75546108138024
35	1050	75.6412690504519	28.3367077493463	11.3178389991264	6.97978063947946	10.1355219410356	14.6132324200157	2.12473757080138	0.779990327750599	0.102500876320136	2.14069979390487	47.6156120455413	2.36560801600953	2.45780003531124	2.09631766543949	5.25423682055537	83.341046547954	90.1041525453261	14.2644888607583	8.30941952526436	14.0972259387221	13.4460491261155	6.17181282450129	2.92020116881177	0.89782766413037	2.61199193822267	177.934158570785	3.90919400128202	8.14367651761536	6.10571918238963	11.2808146200408	1	0	1	35	9.27589054374638
36	500	97.6453134406438	35.2371764682807	10.5766772750462	6.22820214016073	15.8713982297777	13.2650914157016	1.42427068061075	0.708918708822687	0.142292685736553	2.88111226650392	28.0045209985408	3.28061991215123	2.86050706571977	1.52419496236837	7.36536723184082	101.787332609883	113.241651300989	16.2203918088132	6.70373518917588	21.5750501300804	13.0547901268715	4.6810271479089	1.96857266538732	1.16602250264466	3.4959709877982	107.337693042223	4.81014308571154	9.16097851160603	3.53715386504102	12.2963928061702	1	0	1	36	4.68566878837145
37	839	71.8336876635842	14.6241184402505	12.7354971437297	3.97557919626091	10.4986635405209	19.1084019062547	6.33701018420534	5.74797161789396	1.32471126434849	1.64571988404362	20.0750673581415	2.12462311856627	2.59919533028146	1.7859477198858	4.40316589298113	118.082440166771	46.2396199373233	19.9064154229341	7.54601334589631	15.8919185502224	17.8572666480976	9.99024846435285	14.0965848132331	5.05575520764995	2.13337606599755	116.818161602941	3.4723003314148	10.3161983479621	10.8185405792826	8.41880830699293	1	0	1	37	9.56956046635826
38	429	69.8765031185088	10.9596413584784	10.2537100274033	4.17239046927227	12.0139958411717	18.4072063841426	7.84992956766661	4.87114186713552	4.62525827276493	1.4743904962894	29.94721533091	1.72345628457184	3.08183082618388	1.97780003004652	2.54022395899843	101.037131031828	18.4144519483977	12.5753817395084	6.41549338932164	19.7770430030027	12.8871619238192	15.3797641265411	12.1083213021786	12.9736108625658	1.92399353202466	91.8108614113246	4.77974174707284	13.9811385372755	5.66379500043592	7.5601723146415	1	0	1	38	6.88464607634765
39	437	83.0118374677154	14.1254339239749	10.1094033317567	2.48683867425191	19.2215023811173	18.2652475589659	5.63754893981259	2.74843814827076	6.12271991415429	1.14431364775296	18.727297312689	1.63120407530994	2.6945640929672	0.827295755333013	2.6438613016766	126.5735049232	33.1353111040947	10.2099635206462	3.21942755730105	31.1994930263633	12.5032840742485	12.0448410854079	7.07963565603496	18.4933189861786	1.89804184664628	62.1932710629332	4.6598642760963	12.8918158183101	2.86378590155216	8.44105371631168	1	0	1	39	8.27516316498774
4	67	20.2779476478034	29.2784446905086	13.5522204816651	3.4884921186362	1.0987488399142	12.4254533252188	5.05872326215007	2.82554943571638	0.000391730002239034	0.0904463703731055	64.714289409139	1.18741362067126	1.8272366350264	0.65388517830938	2.60384231809773	14.7574716838293	45.8109244074343	9.10738110485879	3.98083902163348	1.44135741439053	8.99150125797894	15.0426614724368	8.13602953115406	0.00187297614493626	0.11852361730004	119.235339823339	0.765447005198317	2.02954582386652	0.971254912359626	2.99927139311871	1	0	1	4	2
40	537	134.561298412476	15.5832948942529	11.4803703791741	3.80146443147329	22.3989288253827	18.1877551652218	4.74922974085145	2.9913682825913	5.60996861944532	2.11565264958413	6.64099711422454	1.49651431615113	1.49524426973405	0.406746409770106	2.31975358542494	179.236499889865	27.5640830272255	10.4132935677478	6.82382421416082	24.5978494433548	12.8844896919812	8.54613417727014	11.4036229312131	20.3944905966308	3.59149557747782	32.0289268908599	3.85113371302117	9.16176785092902	1.28551833197218	8.68343412629436	1	0	1	40	10.2509756504844
41	330	124.381323515976	30.8021557295167	14.6371216296447	5.4298510425088	19.9616324285228	21.0092584411936	4.91421344439986	4.10184824940641	4.02421234548482	1.66990850789917	17.1183223043272	0.879516539451319	3.42513985075431	1.13877922365521	1.35966942149315	142.127245818153	102.91459413226	15.263141223163	10.0332817444491	32.7165153860739	14.0189406751372	9.79374710079704	15.3789108251712	17.498274240259	2.99329690259448	80.3639328432773	2.62186633461105	15.0966764139115	3.54678302310734	6.64817411423951	1	0	1	41	6.54536251311114
42	708	109.722454970202	31.6918549228174	19.5347493726643	3.86183049396049	18.2150129214384	24.3788934635663	8.85586066870668	9.52276180763246	5.14276631662345	1.4358388826058	31.7775338942705	1.01807631582246	3.12493713278647	1.36335043266267	2.07836160479617	171.986762265908	86.1987134020793	24.187429200648	6.27609722725491	34.2295021109671	17.2467300251882	16.4877465749327	26.499747934166	20.6251296516762	2.95725448435706	131.222506820927	2.83235774735791	23.7255527068396	4.54155849820194	7.43849770506065	1	0	1	42	18.4601459188362
43	227	61.8533825698985	26.715748845818	16.4905606485197	2.34931743902924	10.6939931761435	18.0649792527511	5.31586299980848	2.56552712232883	0.508884404188536	1.7347421615316	11.7621259525523	4.26444290836736	1.83021765018737	0.696022102423987	10.0496107449622	95.1033928075119	62.0893109013543	26.5711855000187	3.16564921805058	24.7193243165842	18.1169189929047	10.6343472466182	7.78527787883231	3.22039372672658	3.60056915436848	53.2264035632385	6.83936174128228	11.8297784179883	2.53427829114629	15.0855945207016	1	0	1	43	2.32934066509168
44	1107	105.138480869254	17.0934481069526	23.1460565538356	3.38764016910274	7.78907171004766	26.2649964476087	6.81578384802909	2.09436657123682	0.224559146985964	1.43129784598869	23.4172099523865	1.17580143184634	2.60555755064999	1.50466584871558	1.67691526434689	116.017670270089	53.1993713249243	32.7236909271329	3.72107748817857	12.6452957978266	21.8647284745709	12.1474341390301	7.79676671821459	1.42005269906956	2.32886443324847	53.098355390837	3.78036624713237	9.57486846918253	4.27413992092009	6.68893172713083	1	0	1	44	9.41583348615094
45	400	113.38325616005	14.10409731328	20.7681760717743	5.48118854233252	4.66221370564591	22.7714278768548	3.47348368823125	0.656464104856483	0.269654565121719	2.64845066936876	61.6525993622489	1.77354463731923	2.18283895960832	2.47554893566657	2.98983277302326	147.336882076239	35.4503583005849	33.1490120724215	5.02258064034328	7.1267541467687	16.7683793751999	7.24536895352887	2.00072583386243	1.78430641935155	3.16481350858009	132.202913408093	3.85628213087112	4.45324949690576	5.64622176627046	7.79878786420719	1	0	1	45	2.29240513936208
46	766	115.721271324787	11.2958955176783	18.6481889013426	5.53016588641647	3.92521709573766	23.5649789890627	2.72265167626141	0.431649310520135	0.0648638348849569	3.49853505556497	117.237580989159	1.71540914587609	3.26149298925745	5.92200504271328	2.78202652844799	204.346454698871	21.0541146575331	44.8837304025251	6.77180380603729	5.65051587143082	25.676978994418	6.43187108611907	2.12583314267207	0.624635933364024	5.26217341790659	396.308144559585	3.66211157567946	10.6055950815476	19.6592522369562	7.97735105826898	1	0	1	46	11.2673913852544
47	229	72.5625984385432	14.2527943020093	8.02738776093106	6.26187361662955	3.52339275694377	17.3033271702714	0.945308125295438	0.189470665271319	0.0457096791089739	3.87701025258263	93.8022013024845	2.41932685377549	2.04132881259777	6.40512811735144	3.92276209900604	82.6677376001632	26.7062167024841	8.29140271193021	6.37784499971041	4.27605152113363	21.4147590824644	3.63442380931641	1.29337006369868	0.432640134526987	4.482068831612	157.874388872045	4.30956452719553	3.95693370263114	15.40258685624	8.48167001901698	1	0	1	47	2.16178857929966
48	970	84.762428289741	10.1289001507743	6.39597578578262	6.26205160820572	5.0146239471104	12.2070792901465	0.692464978520143	0.160975293670747	0.0372264506980326	4.43523683241169	52.6237022907798	2.76770816877307	1.76711388028797	4.22137347495041	4.20590041877868	103.86392652032	21.9801444992952	8.16586157374996	5.99867910300146	5.5563128157913	12.0265234625353	3.02406157144256	0.854120228765356	0.239514169268537	4.37029182556367	100.040159661805	3.12334918379936	6.02168015907955	10.7742573080631	6.57855619279918	1	0	1	48	7.45983114890807
49	1219	55.2976220427841	3.98226124522629	3.96839111245556	3.51718856491025	2.47027724783437	9.31284002538824	0.214676025646678	0.00653132864321197	0.000930222924870089	4.10620653545349	54.3397629914909	3.70864173058242	1.8301932585754	3.25264021655742	6.82611744025438	49.6841493667195	5.19180653020222	6.44108156741945	3.28053708112299	3.70832162568555	8.35830971588847	1.11080692490893	0.0655252582763253	0.0160559174420834	4.75084122466266	103.731060568111	5.35228192846841	8.25760511516601	12.4937118716013	9.75656310229015	1	0	1	49	11.4822055737429
5	388	35.4700596380012	34.1268705330925	18.8342804536301	2.5090159874329	5.78207595423877	17.5531348651043	9.35420176116404	5.10945273763575	0.0193544504496472	0.0454085750920114	21.4782545784786	0.357146538046334	2.08330580107663	0.738018979421619	0.653861179752934	26.2307511259279	52.8952583871495	17.4398963321692	3.18124680584224	6.10435885330425	9.93670000084566	16.5663175283782	8.80982373376624	0.210007490433632	0.0823520519732427	93.7434115202716	0.55860482825439	5.599671267411	1.9802923561585	1.84513004255857	1	0	1	5	2.41011656234473
50	637	63.3751431022452	7.95543104904148	1.87897614920724	3.68373064901247	5.73212064408939	6.55046945351036	0.351244510837244	0.00359531331789778	0.0038181899467064	4.99426413104677	18.6362623828231	3.11204875754924	0.0841567803090427	0.540425194512272	4.31583727263602	48.3115422351505	19.0559972250571	2.39699287010599	4.48210789657024	7.37907651254556	5.79915992226384	2.04513639667227	0.0301015430914181	0.0541838634383559	5.12128776780953	51.9582819979913	4.64510205274265	0.265433249361826	1.19586748817504	7.67049707886565	1	0	1	50	2
51	1239	71.149344185967	7.75102135609792	1.35176187869234	6.99874672800537	7.23229219986266	4.53524695782211	0.0503752390177101	0.000943595742488091	0.0332256643590787	11.0527846133491	17.9120651474243	3.40470649890118	0.106116379024266	0.634820129353855	6.15077956020128	62.0252377470722	13.1615659501251	1.85950517036558	7.89062110084647	8.60495314489319	4.70006359691686	0.361896873921457	0.00965282283903756	0.270108830828623	11.5809893046879	48.1323866183232	4.80304523894781	0.420393922649448	1.49406427642931	8.35574798651778	1	0	1	51	2.35446888668455
52	805	39.4306179181085	4.95535072800931	2.03578820525164	4.16806376172264	2.80727040641441	5.75000779883986	0.015504413326206	0.000655090918851626	0.00348280105008393	7.28793798092866	59.9159175340652	2.66024159367181	0.399510418049542	2.4602207561269	5.68325053704006	27.5580465067966	5.41519615153795	2.76909265535201	4.15018746206837	3.77877948656594	4.77144897565042	0.0732233854616942	0.00524220251877696	0.0214629871262286	10.1726590137488	179.69836450346	3.5886790605883	1.37829058384901	5.95589275372871	7.39971932850205	1	0	1	52	3.60180712587839
53	729	30.1137937762169	3.55166895502575	3.39728345040964	1.84330169833724	2.01892704617194	9.06101326060533	0.285864099144251	0.0634230440119516	0.0477535289478171	2.05898141417292	24.9594501959585	1.53333942784943	0.372046948404516	2.70015222591767	2.22092610628555	18.2657990687853	3.45238718289778	3.91244025887672	1.9496146742126	2.96138591451877	6.32906460180564	1.33301011240247	0.379047542868367	0.281518207041373	3.34822634997488	59.1614436411266	2.5790322988892	1.24946239703239	6.18134194536549	4.50921378264169	1	0	1	53	2.70500026550966
54	263	52.7800596443514	4.64498131707347	3.43504879249061	2.04738008377323	2.26171097537422	12.5717116471963	0.346408374864549	0.00127111400726358	0.000949758395384477	3.22775533987633	19.7539426087681	1.91432053505564	0.239160594014487	3.88362431102282	2.13719615449509	49.2207206003796	4.95782117357915	3.40755088829088	1.8399982661479	2.4290285336375	10.7588935583607	0.70926974588315	0.00648634828217925	0.0100057986651111	5.1279870146705	31.7578509811006	3.54418828299769	1.19484663685319	24.2190049542532	5.82716689827447	1	0	1	54	3.50757818521887
55	606	38.3499626341746	5.23741965635813	4.64530800970189	1.87490877558309	1.51123713440756	12.2544606057203	0.525377026864735	0.00384187449540211	0.00158898968417504	1.85692298001509	14.6254713478631	1.56462517002786	0.183028060829368	1.78843145495512	1.73367213705596	32.8050223999244	5.10157230284392	4.80343630614831	1.54039392379576	1.68372005252502	10.3645058080713	1.72385434182568	0.0253167113724089	0.0136868757061182	2.77529399848736	18.8043783451553	2.51664166812517	0.758207862243298	12.0692643923964	4.23490832098974	1	0	1	55	4.05233726499321
56	1422	44.1884052686404	11.0073385956786	4.98068610474218	5.75813137384668	0.812330277478055	10.9688443807472	5.14480033488657	0.681896400141547	0.00110526708274205	5.66991892524205	68.6280761244792	2.37912627950266	0.0902694107728646	0.881868512083148	6.84019065507639	43.300829927576	19.1092464971765	4.66534851634957	5.3603557745713	2.17232536918907	10.9874466772888	13.1898334838058	2.51596794291489	0.0122068398797395	8.39729410101486	136.745561064907	4.18889771624486	0.250157884061712	2.14331997026017	9.89696171856683	1	0	1	56	5.30830421400283
57	759	30.8233188148283	7.39171239844082	6.12082230691228	3.67092346969207	1.38421851767835	13.6876691596623	5.69648769154847	0.543021083068073	0.0107161531323237	1.95680055425144	48.6066666479639	0.659017080575864	0.095806679342352	1.14304851639187	3.45572299512046	35.8130472058893	10.5362633461015	5.75168262056077	3.30688593760459	3.82992798371146	13.3901033740984	11.2821132276255	1.35161389778382	0.114837159468328	2.84310471192426	122.479319201753	1.49089158117981	0.289111314863502	3.01646988427966	6.00691576705357	1	0	1	57	2.50981517779415
6	227	46.5574377836487	107.566584220266	18.6591542196007	4.57640779914721	15.6287966905974	13.9792733151518	3.55254484018343	4.84843927994736	0.317972981755689	0.103463267359717	29.4811578978821	0.632479429926368	3.30401061244496	0.893082563772366	1.61305910164532	26.9635160456388	209.450848146358	20.5110435237591	4.26913011080123	15.3579811504676	7.76070083656259	6.26424233936984	9.89435823284411	1.76443053114908	0.154343558957826	87.1624968147896	0.97999691872784	11.3057475533137	2.88242292393562	3.64091865442997	1	0	1	6	3.12764504118736
7	56	59.5083687125411	109.31786127658	21.5350731559824	5.42213123639811	21.7622111071062	15.262416616246	2.89243791596614	5.77884604727696	0.407273740820066	0.0952250239498881	19.5870341869827	0.427691874866575	6.8335820005985	1.74319751207569	0.930806515708808	26.9638460880089	188.498374845158	21.8010707357171	4.20277265436705	18.1476588379274	8.00118903503116	2.33912469964244	7.06985132700906	1.45078266706612	0.110871878811501	58.8112770963237	0.782690497450349	34.7617252769756	9.55149417706886	3.04299358585734	1	0	1	7	2
8	55	56.1884676771615	83.2784322247102	17.5166027588881	7.16883775486523	16.4882504035893	13.6626059357155	2.98711955949105	5.98289998183494	0.823387879843391	0.201435150588907	31.1447447104328	0.802211600804346	6.08971317987276	2.13539908211142	2.21550819660771	28.5487812538103	140.738123424666	18.6380231859771	5.3340836620589	15.2425896682099	8.89599767859515	6.8647315940349	15.9370917117337	4.39334104023123	0.254105496982619	84.0618521943316	1.25281215933606	38.9812147346119	14.0176006105484	4.67066543388083	1	0	1	8	2
9	132	57.856026445356	71.1897563828375	20.902297992518	6.72805529749532	15.7268722089438	16.0683306958413	3.3026720402031	7.89476839169902	0.488630132898176	0.177913510750852	14.5713978994877	0.348180029711437	13.8693071752819	5.02207214035668	0.479953785945977	22.842877406675	119.933632428683	22.295199531074	5.44702072176436	10.7511246516488	10.7951976356318	4.8831320831521	22.426434600852	2.87962443248143	0.23198233357927	51.9992587498953	0.539635762607657	105.416512733542	37.5420105115356	2.17907478372134	1	0	1	9	10.6688574480825
