STRATO	N	M1	S1	COST	CENS	DOM1	X1	SOLUZ
1	667	8.65526499055508	21.9641930105044	1	0	1	1	2
2	811	37.2106282348701	102.682614603594	1	0	1	2	6.09964534885324
3	3875	98.4240040027761	321.679224797561	1	0	1	3	91.3022609325086
4	1959	314.246671256571	1667.47679633639	1	0	1	4	239.26603186947
5	3878	49.2187134853592	172.022155226799	1	0	1	5	48.8628732723229
6	1225	391.147604240642	1356.55717926693	1	0	1	6	121.719736813505
7	767	633.905605834851	3590.6883619497	1	0	1	7	201.725076970214
8	3785	79.5752811148982	203.143212664402	1	0	1	8	56.3190100148523
9	5651	19.3887472408507	48.0274440978707	1	0	1	9	19.8793231871948
