STRATO	N	M1	S1	COST	CENS	DOM1	X1	SOLUZ
1	5711	0.538771871674119	2.16078896652194	1	0	1	1	2.27520283524808
2	2331	4.46880816900042	11.3941959011324	1	0	1	2	4.89690368388344
3	2782	17.4128610218738	29.7825057359359	1	0	1	3	15.2761518324882
4	2533	45.1046800371719	61.1064614059212	1	0	1	4	28.5376318687864
5	2456	91.9704838331256	122.33766804604	1	0	1	5	55.3967347492573
6	1919	157.900614245914	192.281597529344	1	0	1	6	68.0312268517338
7	2847	280.10908439419	335.902696991074	1	0	1	7	176.317964904389
8	1351	743.643003610992	807.428127210055	1	0	1	8	201.119800595684
9	688	284.261530795629	464.089051341882	1	0	1	9	58.8688249976052
