STRATO	N	M1	S1	COST	CENS	DOM1	X1	SOLUZ
1	1804	2320.59951067157	1119.10387526161	1	0	1	1	2.91421751750975
2	19899	1858.69091645277	967.787179063159	1	0	1	2	27.7988063394213
3	18821	1495.83734438251	802.499928543824	1	0	1	3	21.8023209568423
4	36718	1180.89462984688	745.762127716179	1	0	1	4	39.5270473300202
5	30921	2551.25267334824	2419.58228255269	1	0	1	5	107.996320254516
6	45386	699.98006466357	636.870383295888	1	0	1	6	41.7241976034985
7	19965	1136.22375861092	979.22113050993	1	0	1	7	28.2205271924461
8	47003	402.446178939888	333.552441918173	1	0	1	8	22.6310515569562
9	30635	103.154939529212	148.254690668919	1	0	1	9	6.55603644690118
