STRATO	N	M1	S1	COST	CENS	DOM1	X1	SOLUZ
1	139	22.8139021206066	10.7580497331999	1	0	1	1	4.92853781285549
10	2787	2.56437778675324	2.67201374667984	1	0	1	10	24.5440033668459
2	1030	24.0930203881105	12.2732442444739	1	0	1	2	41.6645165333182
3	4206	27.5387859055984	16.2191353131322	1	0	1	3	224.836445302961
4	873	34.8063238204481	28.8748730185499	1	0	1	4	83.0814508004784
5	3117	17.8061027459409	12.1751404874498	1	0	1	5	125.077884864031
6	1823	13.9093548732045	9.27945423795143	1	0	1	6	55.7543616795106
7	3044	10.4388811403601	6.7178347983008	1	0	1	7	67.3974884227334
8	2796	7.03328923963161	5.1733580954818	1	0	1	8	47.6737651830724
9	3524	12.6060780772704	10.5890508215256	1	0	1	9	122.987982513737
