STRATO	N	M1	S1	COST	CENS	DOM1	X1	SOLUZ
1	41261	17.3008578798444	54.7307017950588	1	0	1	1	3.39837607846955
2	12463	80.0080516737886	269.732415951312	1	0	1	2	5.05890366134995
3	21912	123.989844027811	603.610233946708	1	0	1	3	19.9039506125391
4	52602	138.915348805104	333.132905844208	1	0	1	4	26.3706273546153
5	73678	375.637957688135	859.365781401386	1	0	1	5	95.2832488685013
6	18282	1111.00536080539	1974.57243204907	1	0	1	6	54.3247136317286
7	11308	1885.77376480366	2821.94106411566	1	0	1	7	48.0213550717533
8	9867	3172.01775836263	4299.47172241025	1	0	1	8	63.8411787095508
9	5236	6845.20176417165	12368.570384743	1	0	1	9	97.4585205577015
