STRATO	N	M1	S1	COST	CENS	DOM1	X1	SOLUZ
1	2486	2.35922703218853	3.85524118381475	1	0	1	1	2
2	2123	20.9643824071801	101.48858994086	1	0	1	2	16.3428986300933
3	31427	6.31478054668413	41.903589874928	1	0	1	3	99.8886239148453
4	2706	34.0041989681862	205.620328882364	1	0	1	4	42.2042042248931
5	11968	2.07781477748277	6.16473060531403	1	0	1	5	5.59625580230988
1	4070	1.96567060671376	6.85616242408947	1	0	2	1	3.29858137255778
2	10010	5.62728180006992	25.8228401492082	1	0	2	2	30.5555270800111
3	2497	30.5283448987606	135.818222982119	1	0	2	3	40.0892823269724
4	39072	3.19439260779532	11.8941524704265	1	0	2	4	54.9352163210358
1	40700	0.919931738163854	2.64874478788723	1	0	3	1	12.5111173771634
2	7623	5.90412774166864	20.1524526812538	1	0	3	2	17.8285245785283
3	16643	19.5350954833042	71.7842804159588	1	0	3	3	138.650850736812
4	13772	6.81058394884293	23.978358882153	1	0	3	4	38.3246364875156
1	2508	5.18564854970565	15.0565904477936	1	0	4	1	20.5977457774992
2	16280	1.81308061451684	3.29207989643574	1	0	4	2	29.2341379092082
3	9812	6.16849866683671	9.139611152155	1	0	4	3	48.9159826842968
4	121	36.3754886506216	63.1107644808392	1	0	4	4	4.16537719904572
1	17358	5.36279155013896	15.1629091292924	1	0	5	1	3.10077545516842
2	3784	29.4080688668151	107.222224236824	1	0	5	2	4.7799575653379
3	737	208.385707045128	1610.70816143218	1	0	5	3	13.9853213032389
4	15455	8.88960933028826	40.8733543679948	1	0	5	4	7.44213238612511
