STRATO	N	M1	S1	COST	CENS	DOM1	X1	SOLUZ
<<<<<<< HEAD
1	1368	32.53385419485	16.4553732910558	1	0	1	1	2.47149873848677
10	3105	12.0157949320328	11.4741410862274	1	0	1	10	3.91154514657781
2	2009	26.8440741756719	14.3177380038781	1	0	1	2	3.15806383918266
3	1118	31.564157055839	23.5445415224683	1	0	1	3	2.89000502904208
4	864	25.0603565859963	19.5906930846373	1	0	1	4	2
5	1216	21.0840426722945	15.6610954095355	1	0	1	5	2.09084706393571
6	3754	16.8665153245599	11.4471360931267	1	0	1	6	4.71799711943713
7	2480	11.93426170001	7.79260450853467	1	0	1	7	2.12178254945882
8	3645	8.01220461682028	5.32782530138369	1	0	1	8	2.13213188855677
9	3780	4.66365581494739	4.98050543964232	1	0	1	9	2.06695858839089
=======
1	139	22.8139021206066	10.7580497331999	1	0	1	1	4.92853781285549
10	2787	2.56437778675324	2.67201374667984	1	0	1	10	24.5440033668459
2	1030	24.0930203881105	12.2732442444739	1	0	1	2	41.6645165333182
3	4206	27.5387859055984	16.2191353131322	1	0	1	3	224.836445302961
4	873	34.8063238204481	28.8748730185499	1	0	1	4	83.0814508004784
5	3117	17.8061027459409	12.1751404874498	1	0	1	5	125.077884864031
6	1823	13.9093548732045	9.27945423795143	1	0	1	6	55.7543616795106
7	3044	10.4388811403601	6.7178347983008	1	0	1	7	67.3974884227334
8	2796	7.03328923963161	5.1733580954818	1	0	1	8	47.6737651830724
9	3524	12.6060780772704	10.5890508215256	1	0	1	9	122.987982513737
>>>>>>> c9ffb7e1ad5d5ae0671111c487576bac8c1dbecd
