STRATO	N	M1	S1	COST	CENS	DOM1	X1	SOLUZ
1	196	1557.08497642569	1284.78236601436	1	0	1	1	6.76872947506496
2	685	2281.77436878435	3320.02753139388	1	0	1	2	61.1299126387436
3	1161	1556.55973169301	2330.37917922558	1	0	1	3	72.7244306169423
4	2271	1278.5066721348	1624.68004037639	1	0	1	4	99.1759793637758
5	3411	899.553125813968	1097.8308795875	1	0	1	5	100.655771121319
6	1747	1318.26240127624	2275.52445687229	1	0	1	6	106.855266326668
7	3456	690.214145820332	906.624289811086	1	0	1	7	84.2214283620388
8	2766	413.248706667148	674.404088908842	1	0	1	8	50.1411036638709
9	6925	171.222554164087	181.917969045154	1	0	1	9	33.8623344734328
