STRATO	N	M1	M2	M3	M4	M5	M6	M7	M8	M9	M10	M11	M12	M13	M14	M15	S1	S2	S3	S4	S5	S6	S7	S8	S9	S10	S11	S12	S13	S14	S15	COST	CENS	DOM1	X1	SOLUZ
1	3399	2325.32531465184	1712.32016360847	1826.94605964305	2085.24852638057	19.9187440305232	1929.65056596699	1971.88289402772	2.4236648934869	1916.94343263071	9.30386809127694	5.97190953250724	0.222931278613519	4.84821088499548	29.7828583736309	0.957207015670988	8042.04517244622	3965.06551470445	5926.43554440897	6791.60847334773	81.7391409383084	4541.95401790074	3071.89711676491	10.7258853843774	2003.66660466739	57.1395386937139	113.136068047162	0.495000665341896	14.2637047283079	272.370302094974	18.6696695957123	1	0	1	1	3.5045556858685
2	34826	1836.44475610165	1596.63551978053	3526.99105072616	1363.68349878305	137.829491084125	724.066789737287	1067.74022583408	6.05234036353148	1518.07226543202	484.75064069743	10.9278108164179	0.27649227105886	71.3176498122735	593.969068867267	26.8127652026906	8457.60651266861	3878.25580731602	8533.46088012559	4570.32325587526	433.10253681673	2479.62229464739	1997.49255163031	21.3902307906763	1721.75610430459	4301.70728066499	174.995974292881	0.628905852675105	463.218845857615	5976.38250872866	758.452485089945	1	0	1	2	40.2775927526328
3	7062	1424.78274143131	894.169472717628	6092.98001968425	1154.08261076097	577.671514937	96.2912655359871	120.901609012781	29.4761797147075	790.127417216472	1875.48629765207	89.0006509681315	0.27755276092502	75.7637785085876	288.880019952813	211.570672159394	6125.43255425272	2605.42586956632	14052.8353750521	3125.18656953258	1132.75044951916	493.912507662341	617.978307969392	63.8740415868748	1045.78538407121	9682.34871990382	368.442851179162	0.637094730024298	352.419885875618	1860.41507091442	1294.25861655411	1	0	1	3	7.51386568100952
4	2365	1332.36258563302	487.565196218851	1429.94638068586	30.2476470917571	490.342510386332	71.7332398798386	100.030886461789	51.6536204256021	364.179290261048	4419.96108877068	403.610384066081	0.220773068073621	107.021431079082	737.285089241441	1774.37318522831	4053.33827712792	1804.09108314507	2486.22308990582	77.1344844355463	840.349873461011	364.157774437282	431.755513863593	126.451823401741	722.83811497447	14778.0605499209	877.124609513846	0.523895925328229	523.402211669137	10018.3462512889	3313.13252031392	1	0	1	4	2.3251075605118
5	1793	865.344195301968	360.117062827726	1153.43017560932	15.5564256578103	247.30017229569	33.585681600078	101.749580472134	169.302822149346	365.276721496114	11146.0589199918	554.137753968468	0.326506313892919	122.592128013063	898.781822406261	3206.61339076501	2844.92910974701	1703.12903102192	2068.26652339918	43.7045138395381	436.908548474957	145.50239682563	489.383622870722	291.641041790556	885.977674805591	35963.5970791114	1005.2176761987	0.807749929584347	494.927263815358	10482.7968120633	4451.38270161072	1	0	1	5	2.24322733436316
1	6160	1108.35547865267	1208.17137698379	1827.16093173152	797.920615118758	27.0654105977868	738.512929314858	1088.48657479053	16.946530446386	2055.64045151662	138.432809372574	6.15510010161972	1.111642486666	9.0007072919555	26.6209081803016	0.149437476732125	4318.24992576533	3469.14897728865	7763.2466417881	3694.04430140068	138.65883858692	1794.82367032462	1989.5321883507	118.088896461607	2140.09092506581	1488.5653114459	45.7057242943935	2.29455817174067	127.118973043664	242.310481586376	1.30337990351459	1	0	2	1	6.14157007873393
2	15642	1125.34322894103	1430.97408682402	3828.61552220401	824.047642404993	198.165051553233	155.849670901389	628.685617909844	40.9123247162225	1825.00329453052	945.94566862007	8.96362591052631	2.79254031316276	137.034447602544	961.022942144024	1.63322991814203	10124.9655239947	3792.12707748183	9201.63394381805	3318.3924519862	686.859060353662	523.134738236685	1262.72946419217	134.99535033678	2172.88096527449	9160.49004386781	56.2038109260829	15.8034114419762	1243.29366837717	6711.04393457323	30.3094993938928	1	0	2	2	18.8558564233196
3	23452	1057.57954366596	550.813888477703	7950.19163210356	830.950752962178	695.290150264602	14.1235963287168	59.4465328604684	185.897406779423	722.065666755368	4508.2314156018	64.2492467177078	3.09767765447474	226.665734515148	391.72489224836	69.517247923504	5346.05742399501	1282.31830184044	13919.8093746189	1709.47335084166	1535.31236990241	157.740301988703	419.715543484433	376.992901735919	954.26358665785	47324.1130488688	177.86317307523	15.1521266292761	1961.13546474507	3207.02896668133	400.13266861005	1	0	2	3	26.2067773393
4	4587	866.808406511273	270.230383617292	6015.35183205017	245.87494811185	250.013528356808	21.9363317729362	44.5868106767773	192.497605875999	381.42521147555	2391.16901293726	186.643852829921	1.58223091978495	24.1013996623749	17.9884187991552	321.779184347938	4701.61114835439	579.485687322595	10762.3580496655	468.818981029282	632.38326074017	248.22210787147	460.005823403311	335.091332847408	573.610728330162	31602.4392079923	404.248109274661	2.63620149318458	204.733026593952	289.786670900308	1118.20308492021	1	0	2	4	3.19007579712651
5	4873	613.391974713856	47.2492213403355	408.78375858558	1.41898255238152	104.249695886849	0.0672126590623151	0.176896539607226	385.706436955325	58.9522410937751	24309.8617807333	336.397528240997	3.93310545255962	21.2200049000716	30.4702985658022	1849.04920630425	3000.32971660709	264.75761570706	1076.23128522043	8.44978341313731	255.195477677822	1.22140485924121	4.37964693759627	527.253571772111	145.824137361879	229989.307023936	697.172649616643	5.58484413064351	137.340080255476	588.323553589545	2495.64666468907	1	0	2	5	5.57198037266268
1	17435	1427.25477920815	1186.5198306374	2985.93691903379	1112.52534244898	85.7837409566259	397.337470145168	1146.51432992837	26.4090852945548	2815.72273113349	427.131433548084	26.8538117084594	1.78511116481155	13.9543223868833	48.9555176125006	1.73372571345185	7114.99084635458	2998.79591698579	7614.37808526394	5794.02325155259	476.264145220994	1240.62231270882	2512.92785664095	128.25999924503	4473.9293194696	4359.14660610947	270.108097380098	6.87986996947494	68.8497133601076	393.144562630528	22.1327579492225	1	0	3	1	18.6644973694242
2	4488	1033.68727504839	1172.78897088585	3600.46014186314	556.150428963291	119.30047396482	168.875234910458	1025.90454762515	30.713984348386	3251.33106464072	789.184271808023	13.7376262672533	2.11415537705918	35.7388642180407	133.397686033037	3.71734124328438	5098.60430700975	2541.39132946344	7513.04382882851	2769.34312914171	514.946250066332	412.416685182756	1622.50043741394	92.6574087922095	4752.40183640253	5979.62024747742	135.799796622836	6.53850990495322	164.467315962158	942.44986399698	58.6737588963824	1	0	3	2	3.77099748761291
3	26884	1168.53412634854	1120.51115557543	8435.24531322847	1027.96979678475	294.10568859168	54.3520767743285	274.015816159243	141.534277958427	1526.43878365743	3745.96296186399	48.7763718014977	6.55632227828038	331.153344582377	195.496332112922	15.2483088831716	7011.17070791942	3715.72904448177	17152.0172343292	5216.71033091876	625.907600525747	441.660234682668	955.012348876378	334.502348893101	2452.91088390185	21158.4549783412	283.857510343456	27.3258539759997	2300.04282280882	1351.17682760148	156.544070608924	1	0	3	3	33.4157377012364
4	14091	795.549697967114	647.960009892675	9437.51206086973	886.785120695575	343.396663431958	5.01609238100124	32.7792067404216	262.962394582357	694.359722793365	5644.37692690042	140.788992085694	8.37183516509788	197.531176077425	73.5486280987309	85.0134513526289	3314.83184392815	1499.35253930084	17260.8981837998	2465.33831441584	678.977211967565	47.3935232002197	291.558019270866	438.049743896114	1007.99524093903	28023.8807026024	391.793015974585	38.9064204359037	969.475465337904	866.23242607051	379.770833111175	1	0	3	4	15.2012873722321
5	14322	710.651716510666	192.408546648624	3447.01226865058	298.057065222275	325.761345636161	6.10687212930277	50.6267134670866	536.356570856734	343.860523997502	4653.74317510659	579.019131962768	9.13464784806328	86.1877222201767	86.0886750241052	1209.04524399117	2613.80757144387	552.614692981074	9972.99081445104	1135.69871339871	617.811871267887	147.667553809048	779.687426484633	928.870086095996	642.875558327603	18650.909398276	1362.7399404584	23.8480106745935	556.120205590008	992.725340892164	1861.78135675714	1	0	3	5	14.5490046321074
1	2805	380.473478829798	203.212982987409	1536.53815577246	411.582004575706	173.282780962927	1.76010993191689	65.5804988445898	174.560086204726	539.457017253083	49.8099256175008	17.802620970978	3.71771528422093	7.30824571865501	6.43164675919843	67.1427707152756	812.203420222129	328.711367447456	2947.23903716946	1240.26247279085	578.436096688628	2.91717485713489	307.037025264868	748.269639503887	681.38091647638	276.244880890453	160.357309739043	6.11908687688467	17.3872654918506	15.9728078158915	828.551665401371	1	0	4	1	2.93781392570259
2	4389	257.455137423308	136.037573813433	2498.69197103064	486.414091746937	184.694696352004	0.780139166024206	77.4987018038398	236.33279625932	546.666039313972	37.5901107573631	23.816316351171	4.76411650314141	9.4206509702544	6.1626379877433	72.6951906578409	996.146675605059	228.221191193558	4406.85961916082	1031.70506366054	1139.88708922078	1.70480019504226	184.593707788588	1267.57158673905	802.861740585839	269.372032139007	133.349700264837	7.34143137085017	21.071381541811	12.1258561997975	731.121161678635	1	0	4	2	5.30722965102547
3	3542	281.37074923705	136.624342596437	3366.31076351218	648.558490690751	261.827979592787	0.322996420462131	24.2410197627032	390.896074291563	414.338727258966	48.2527946333874	33.714159105242	4.38364065606274	22.5674739427743	7.943145521863	55.8302077702907	617.650586969594	244.236609780529	4561.1508451661	1075.90340230376	898.40756225988	0.833350325839311	61.3774157650484	1305.15921240248	547.647571224052	239.097294931082	123.269476559746	7.56156372670011	56.1582366781134	17.8390605849775	465.463331052243	1	0	4	3	3.25053220837563
4	12947	309.204535027291	83.3330431656358	3160.11009796298	236.882681981199	379.881936367621	0.0882912487397937	2.72928613762772	769.373068956873	512.171036897581	1190.83480830507	201.858057716054	63.8254497293889	151.401926644682	10.476457093993	425.121334672818	930.98989800176	173.388986043782	5004.21503384173	700.284147327815	1280.75448529904	0.545298893412931	20.276401884254	2384.83839618531	726.756716123575	5794.42935990514	1296.61180253695	237.723903611896	517.318187935345	31.0180754363269	1246.84483694333	1	0	4	4	14.8587719800266
5	4554	367.621603566198	43.4853010828029	1782.76916531268	32.6622498597543	292.80314154453	0.00246985795206111	0.0618896770082898	933.913339564625	371.078483695899	5028.3202607159	313.752230140087	108.433672268976	73.9605432423476	8.10968044515696	1550.28004304828	1085.0497807299	115.677079933703	3173.14807648465	130.93970214901	713.492744062543	0.0242164977389896	0.368708353611676	1551.20718619035	699.008986809344	18476.6404103337	588.830264688757	424.34458700158	833.14470432596	81.1308884742667	2223.75429356969	1	0	4	5	5.20213313992869
1	6380	953.470599203349	336.534148882706	2517.41755020111	354.617986147658	336.944875445821	1.82157538396712	301.279669632895	129.640703667035	1076.22702286623	134.342284848483	40.4432255083109	70.5403150862446	11.9011123733003	2.59484677434827	34.5512895877822	3324.03131101964	735.957477437181	6186.81341120323	1125.21068034691	908.47224251463	4.46246204568321	884.713364759865	429.533441399686	1494.3348693667	746.401107583312	225.691863069692	316.175675837145	26.4857062567249	5.75562116165431	282.958701905414	1	0	5	1	7.62475535862568
2	2530	627.354949835453	249.939318401372	2794.94337040995	136.902813980495	217.57476263089	0.506873677861095	138.353204690148	130.57457877384	1270.77760670376	228.365325256088	63.9851428510985	168.159745837278	16.9273224501102	3.15827401068494	54.6966438053904	2063.57083044637	528.559556856581	5019.77377219365	558.721456172155	514.630663684663	1.26147915098275	483.250284351387	619.561575822314	1817.93556792362	1142.85304264078	641.769614728394	478.553861094046	26.9567654175402	6.35774127225399	443.007325128151	1	0	5	2	2.2099478825619
3	16192	577.26785465606	216.594123944028	3839.36501406491	71.5432848169701	257.060277009671	0.236431934864529	35.8800416684422	192.136665020366	832.189213906704	1274.22272383037	56.0374911154822	311.024017672386	68.8077070860682	1.73334022564549	85.2320591796854	1914.01756643182	429.493148543351	6619.18546019445	339.137340193162	567.509256365307	0.9922669125548	182.719820151758	648.136665765549	1234.07391225172	8006.53347094627	262.938214608387	1201.32611021159	277.473553730467	4.05625299465241	325.605995821682	1	0	5	3	18.3102155558371
4	6699	833.88760824261	254.473147414147	2645.19757704168	24.4884150396114	347.915892101436	0.104000404635583	6.24277946809089	425.025807225685	354.61844168029	6648.64479777387	168.059221938606	1717.37905385511	78.3808335876003	0.445298411723423	476.091611395009	2606.04205816335	445.015060766242	5234.11722352299	144.443144982905	648.292835402901	1.02245713816795	72.3596401703206	910.5811223699	486.813772519539	22176.1734046158	703.699059839997	7144.76625413016	407.024667933213	1.92156775144091	931.015979767856	1	0	5	4	7.5204248205082
5	5192	390.626327418093	130.271356739183	2002.38820261431	1.88834196011855	376.683156674908	0.0219806864705845	2.27907660899729	964.0525431404	200.732891710303	5998.65562008041	641.268008568281	1012.64004960673	30.0910572553079	0.132525250415765	1385.22631764804	944.186390778038	289.334973145548	4845.1287277338	18.5534208735748	674.976775956633	0.139236312832829	15.0893649194359	1628.65037390198	376.388595114078	22311.3707635674	2108.58507941771	5767.24753468257	142.952145909683	0.614061067861036	2097.47315776898	1	0	5	5	5.62386509971765
