STRATO	N	M1	S1	COST	CENS	DOM1	X1	SOLUZ
1	44473	0.255439278642163	0.187058141354281	1	0	1	1	2
2	21296	3.74123541401202	15.2978960978776	1	0	1	2	5.0554297134637
3	83204	1.88104904995287	3.33882046963522	1	0	1	3	4.31087673068738
4	54417	9.83849913336826	20.8384390506515	1	0	1	4	17.5965736363307
5	19558	126.7139396852	240.460735272841	1	0	1	5	72.978838022677
6	17523	267.647591638133	588.359082668306	1	0	1	6	159.984996003145
7	6721	1467.01795459585	2442.19509977009	1	0	1	7	254.707998146451
8	2266	1765.22436590566	4389.41582491722	1	0	1	8	154.34585192895
9	1694	315.364475558005	497.521330604703	1	0	1	9	13.0783646742832
