STRATO	N	M1	M2	M3	M4	M5	M6	M7	M8	M9	M10	M11	M12	M13	M14	M15	S1	S2	S3	S4	S5	S6	S7	S8	S9	S10	S11	S12	S13	S14	S15	COST	CENS	DOM1	X1	SOLUZ
1	2057	1025.24926587751	766.362707362145	1283.34871489183	6.48502783258342	40.9544513278871	1629.95648180377	1184.11615954959	705.623714344491	0.439023849891422	7.70254300632246	0.130849873902096	0.227200373870897	100.049525826074	10.0183945418974	0.23232447184241	1072.14037999922	1744.3480203472	850.931077952639	12.3887124690606	51.0394374250482	962.490680742999	520.255773395616	445.953246626811	0.618268606308503	22.0036770940921	0.553845764439819	0.124258842938712	216.024660319312	16.9073006970379	0.484479848882099	1	0	1	1	2.19269656151568
10	24596	7347.84302862433	2128.78816512032	1073.70246841396	172.096693715087	1319.68353098386	2022.55773758244	595.554509000701	267.860613783544	74.1455534125566	606.631792397525	38.8924883934244	1.01774462837111	95.106826251997	27.795323435766	30.3860199909965	9590.30673569156	6379.33870037639	1162.2468854825	303.428179359066	2466.79571632415	2014.00357151527	737.667370702124	501.642071509123	158.408171916205	3249.42592105958	124.47962105356	1.36808377875073	1429.02072954642	64.4943611206611	182.867020507597	1	0	1	10	96.6004495515974
11	33803	7266.74069739852	594.412742884106	912.300752725485	353.713192468459	406.738316291366	1445.12566826366	290.053701013226	29.9975581167849	237.247766501189	5643.19016632258	132.387118360997	7.83213716886815	97.9229531057712	250.654212163631	162.835356684044	10890.0572440141	2171.93391697776	1984.95925767454	371.561660625711	490.118876730549	2045.76325500621	582.641813635654	87.7910083793117	307.802438742229	14917.3967715714	253.19932478414	11.6396845896823	296.413401421764	1040.14931636517	384.456324394632	1	0	1	11	79.7343113314527
12	8778	3130.71509659255	464.631098636646	212.770928640082	254.334514377913	126.669852868547	306.526526395	58.9476541176675	16.5519206708447	354.603464492821	2478.52507950514	348.592749199935	8.10089912542812	28.5403417889315	108.443806918729	648.538664308152	2878.59215607244	852.325349116679	428.225722669213	237.952097255872	297.676623250903	265.178889218726	131.409218968328	72.0328250178013	567.830421972326	6467.03940393937	431.769112148984	13.9089117430052	185.005388190752	934.53158657409	760.000391546551	1	0	1	12	17.9592653791723
13	6061	606.005226228959	620.616307694026	8.25075456582048	165.432711330792	22.1565399096574	41.1831828834647	64.2837490498391	21.2607777721103	483.642193848079	1161.25830960318	888.101174225686	3.95016562016774	0.464883620384035	0.692675595941606	1681.36549132436	1102.33024373206	1100.03871213847	25.1578211910162	174.029655925456	40.6166486509424	56.7766647625194	158.535474394959	90.0310336759906	410.472416412471	5536.85374655821	772.913983604407	5.12127554463704	3.48771945373443	2.62176060643858	883.215969324324	1	0	1	13	15.2862525987415
14	27709	2721.12004456703	348.434529526661	129.39339219969	246.904332257513	305.845256434441	406.987611826872	31.5895384779205	0.77240004127962	601.046738216851	1032.71049528894	170.382350419098	29.4065348932952	7.64325347521927	35.1699209539053	452.856503478452	2203.58117943095	660.020121884946	173.993384457891	347.12525402381	370.057730404305	469.589931544387	74.6010455329367	7.11016847685868	782.173425751	4839.08190801723	285.128309038204	125.83510861053	16.8070086355468	115.708647992561	708.192124716051	1	0	1	14	28.8893203822591
15	3476	2953.64885600613	325.688544835153	77.8399697532041	226.041937774262	90.8601244600233	441.932063991982	12.2204428906572	1.92134905117737	581.99238459895	14199.3401893068	162.965992900674	98.9213031150884	6.55836738948785	151.533919242653	601.730481911568	2603.41871259338	383.514192558395	163.502571689229	310.345360319614	193.027164498828	407.438572093088	56.2220498459463	9.74160995383965	1020.80464343251	76996.2635455721	267.828063314418	147.951631539256	17.0072436647729	290.011392487229	751.666744924042	1	0	1	15	16.3380800465687
16	16984	2740.8839808437	324.141500170435	136.62329735331	100.97686535733	80.5392809161507	806.691107848257	18.3180973146269	0.309305506793325	162.300201672277	1317.83790516213	64.8100256646674	169.504482120386	3.46556128396617	87.9503386488091	153.281309773007	2654.22196715013	344.37844860927	159.89583760454	95.1100957919535	152.394679488424	796.819942517054	33.1846824167448	1.14595578833271	270.094563751353	3822.61698090825	116.688555267274	304.487165175891	4.08838267226381	172.283925191764	357.363039107445	1	0	1	16	11.2523169074099
17	9471	2309.88449475347	610.649155032102	148.394670709581	255.071287247238	80.7978966830275	484.905778605315	173.546616617334	3.18176841313781	600.823864494279	922.672944422725	219.221889847921	69.1399036003874	0.593389779442588	9.44184642463405	986.775948014373	3763.80041219787	831.777115951066	193.520264730454	479.877804982372	153.776500330081	787.282136665221	290.51615926388	12.7696062303776	821.671238084649	2512.79209935921	392.316048831279	134.832328856011	1.04860753427436	13.8379102621581	1109.06537005323	1	0	1	17	12.7050430180141
18	3146	2749.18035023901	352.235223291603	183.854125450551	400.590605821472	36.0704411545507	367.563789373925	18.773355825597	0.127660189617685	714.634318220212	6329.2812925798	782.557608375708	179.22056400796	0.497816844351848	28.910432223341	1176.66494382767	2985.92019648093	433.340185386343	179.67897391923	374.528403841346	91.3443376445022	446.212908206773	39.6876476549356	0.54913531131336	790.331592732373	13842.1576161954	1914.79215332329	284.512353800099	0.850182999113752	43.2756408658024	1470.648590761	1	0	1	18	19.0202734752097
19	13673	2702.90606822097	963.792169792646	294.293833965719	353.935086215535	85.7014619719358	676.475793262421	65.2085658436151	0.0219634190750296	348.237776811772	2112.28507685449	100.157645561628	1074.59364374649	0.583464605484493	23.300110239842	327.948629932155	4193.44982404107	1307.93621860826	286.48357372956	303.420463853355	310.236340121176	939.030737404994	147.199064091141	0.155955501595671	470.208422476868	4889.97382617574	254.145266707235	2265.46823157138	0.854271768862434	47.4477018791512	501.122181859708	1	0	1	19	41.8567264459857
2	9922	2211.60400933798	1756.7008042158	1213.94104430505	180.867892130629	70.4631306821035	960.450320526795	668.857399062882	338.55924479044	4.03510833618745	1221.05846704404	26.8486865695703	0.200684496590755	213.035498540945	80.3868607263259	45.6225543665852	1555.42777970026	3111.38868407582	1039.16203354	243.415680642452	113.925649809807	665.637856148438	514.176387624665	321.166662863123	6.67937546908166	4090.80082495441	65.4067317639054	0.117243984402623	489.387077342791	217.346578809447	114.715634735415	1	0	1	2	19.2897200686106
3	6864	3294.6510606393	3921.66719395081	1458.20053544613	203.830797528847	950.217754052004	1393.78404943847	883.88682240901	1078.6809398502	1.12000852131262	284.104200177809	8.57852959038636	0.140530481207296	464.21656573075	164.710747654064	26.1020831806819	2668.54609209216	7653.54621884843	1452.30207294266	244.121787445124	706.119228019482	933.367245330429	354.771259722997	1138.8329933335	1.72584780742573	821.601290782229	26.4762566293046	0.0718527231721434	1687.22112935419	393.715322370772	144.683866195409	1	0	1	3	32.4571659214677
4	13189	3866.18259133949	1395.52662600374	1141.3943979531	184.045341676472	2738.97992599929	1396.70339620147	791.552223829612	757.891011986693	9.64121161426424	494.436739047818	18.2804115554681	0.208385922407075	283.574853649733	47.0503358750078	35.3470052898824	4262.58427560215	2357.95752069649	1739.25206058653	309.811571712971	2990.5234481631	692.094426568117	871.325985842191	1151.93147894245	17.3978628134299	3457.92418182867	52.8135877976417	0.138179634319766	1102.83639488304	132.967342311553	185.606035198483	1	0	1	4	21.0357483819028
5	6050	7565.51102338389	2041.75093804618	1925.54058336756	458.675595007187	1244.35957622072	1557.89304555614	1160.38315563699	664.843681420308	23.0664665306815	923.242341419776	19.9569581648669	0.437408838540452	201.104980249456	58.6366787688574	67.7674155628948	6923.71379611138	4833.57029993214	2892.2138028364	736.239506405359	1118.3989550897	1101.72690461169	1138.2190377603	890.978855974971	36.1461640748782	4974.62367621985	75.1946671246362	0.314941095466937	860.068110782548	241.707124302803	302.877057122192	1	0	1	5	18.1442043321807
6	23001	5310.06899432343	809.828873080488	932.04104520834	312.443866301898	1036.34002963644	1114.59809290151	650.062879270333	202.09004180693	53.8186902291118	997.459743915193	32.6883620429333	4.24633378271454	768.287012114493	60.973399485841	48.3998544532978	6885.613214561	2216.7976152871	1772.60643833639	508.673728623064	1212.64187961208	741.290095810681	858.448588991527	417.5271543369	85.7250635077885	4297.35072851244	64.1828067816005	18.856590522172	2814.10088750177	194.988765223834	211.583102728115	1	0	1	6	44.4832789019295
7	13673	4200.69277987555	936.387544978022	776.574253333328	581.506445304503	548.612516432054	904.869579499953	288.245237493522	40.7566702123149	187.059000428736	2822.11159530416	69.2056635373797	1.17094761498942	732.506768488618	390.830003741407	85.3209567525973	3271.07670808857	3188.18852472727	1258.88129483421	793.866183298454	653.49514340481	682.805167882576	404.338026969464	89.2376180587231	270.829234072632	12725.5296355825	123.879339197102	1.01554670763012	5705.54044802573	2323.82859279982	264.993565668599	1	0	1	7	66.5117569159421
8	20944	6375.69580493777	1501.73603648942	1219.69171018177	334.354538813469	811.117730510505	1411.57513105913	557.967029022184	365.778065172988	124.014334407723	3507.08468802469	43.6441616545518	1.8985157833493	175.866077402842	163.177093058128	65.565318605701	8772.5490649857	3945.36086127531	2234.36497715988	545.993374556082	930.853760427302	1109.83845322621	976.915827610842	758.278256896755	227.606475953391	23356.2950216814	86.8684465666414	2.28569807805404	1454.99627456383	1083.08043656266	238.079551313513	1	0	1	8	68.8662846576747
9	7755	5494.96017993158	1152.84012422179	513.211764853353	238.859668402421	1082.35884473899	926.515770112995	424.624321787421	137.196995290941	119.14542410439	1001.45458159258	95.7190996196811	1.18462567956224	163.378965202879	28.9598781801778	107.111329353713	6247.93231785456	2731.76072742187	677.047871321841	501.580448893023	1650.86059909484	758.143543390857	1052.54904908146	292.34770333523	220.370048000999	13322.3669767047	162.883679296492	1.74063907896236	1034.71796905595	108.229473815021	352.249553233397	1	0	1	9	15.2500062386179
