STRATO	N	M1	M2	M3	M4	M5	M6	M7	M8	M9	M10	M11	M12	M13	M14	M15	S1	S2	S3	S4	S5	S6	S7	S8	S9	S10	S11	S12	S13	S14	S15	COST	CENS	DOM1	X1	SOLUZ
1	10813	2709.53645744259	1547.92010173701	1891.34153099408	108.795366636911	95.7507516294737	576.175410579178	1028.68443157742	4.84336916946526	1317.39288481155	1159.6565771326	10.2183113537898	0.441590587839908	122.852647137204	353.574193501254	4.20058697662581	12834.5420474874	2787.91432228553	3246.91447381233	418.672396580863	255.035021699607	1299.70761031041	1836.41372409602	18.4695127177801	1712.79276157583	7027.01413577281	142.617393687667	1.69667610445071	1064.4710448048	1282.49608873058	28.0868403156117	1	0	1	1	17.3726259644742
2	4917	2626.38740032979	737.026500820983	1811.2677027224	214.887900786939	574.843052220035	209.561247973485	200.744406913687	17.5374487309643	595.621613851661	2974.26997671552	249.555070036318	1.71836992051338	211.373562095277	330.7983274936	660.378793180471	8616.15774673801	1715.04499369307	3482.50750465638	1046.3058080981	1288.20562375896	939.339863621589	709.555921515815	34.1512341092644	1127.50655729697	12344.7903780911	765.761909876443	6.22208632186868	1777.36986075343	1964.29807350265	1889.1128760031	1	0	1	2	9.64574876325467
3	7040	5078.80519681152	2016.74652049666	2954.09444158081	1344.24521078832	165.193093186329	1981.10726916969	1357.26111869537	1.2122980766302	1837.48947418961	891.926197649095	10.6132063248246	0.0761680599549081	475.830929277048	1407.41949351517	89.1582836005459	27925.0927847791	4082.11899747404	6435.48058469388	4163.90452454976	422.0845852823	6210.37904338839	2196.40253875371	4.53360988296639	2317.36367796767	7729.61335954968	198.327396005406	0.307217970834244	3736.71028695442	10983.2266706466	1760.27785448723	1	0	1	3	17.3083486664525
4	24948	2345.70497646071	1871.28490055549	5979.9197776488	2188.17684951847	230.676675333625	592.388993978223	1001.77504445514	37.2637531997878	1640.9098882307	1616.67463526438	90.4219440612202	3.24048800120049	125.647446135469	1047.4898863954	344.322235766955	12984.6102845572	7334.05525038153	22818.4373940645	6965.98789083359	699.413880369671	1837.16540212864	2420.2898191722	125.050755932328	2117.75578187029	14488.7254115739	700.488659057516	12.8487941229546	776.5252917573	13791.7914663803	1903.71724933611	1	0	1	4	58.7120144428641
5	1727	1010.34984179972	981.959182134946	7108.67212238301	1422.35477792308	251.671932216118	162.046385524671	446.020102343484	33.4072695683773	1325.2175988063	323.37073246837	35.5914092444916	5.7411442505995	48.052385878788	557.549537860151	221.225385900946	4581.98976568416	2269.39667066795	13576.4247176503	3433.00514357566	607.87627140801	362.146357051652	1017.69149810179	82.9648001859605	1669.85903099935	1636.62074164425	205.443030711638	30.2974754295092	542.411582574614	5004.75870839409	1424.97116547552	1	0	1	5	3.27908453098216
1	1331	2786.53942768105	2144.16616065572	4707.68786209475	2341.69196650067	68.6209142081662	402.776192662309	1039.90249799925	18.6478240495414	1852.79930619844	56.8191483774493	13.1953579551015	3.45381643042406	16.0181252115806	518.571415770059	0.387827390236591	11464.2455132788	6225.64266207244	13597.910710898	8041.56516726283	159.846983083773	1135.91148998135	1722.79971149466	46.7806777643603	2496.05059993465	242.716834593386	61.2702613108477	12.1573177875691	42.7469359425457	4182.59253702396	1.12480443043796	1	0	2	1	3.21408881501397
2	11704	1353.77544778813	1657.42689086807	3012.80830789862	814.930205544969	109.088727050416	475.27467792982	985.748237879819	47.5303591417676	2183.5028484068	1077.71889895245	10.8360624982772	5.44759299700658	56.6563726611937	555.655276877363	0.566183821004873	10189.150048761	4445.30616133302	10811.5872122341	2735.19079884188	410.794291935066	1319.04778121496	1838.48437171393	209.6091878492	2766.21182682326	8118.6999821196	87.6591239519636	28.7818943281048	810.87136441324	4544.33581914621	4.15328275531614	1	0	2	2	21.1986490079019
3	5005	2199.31942615243	1980.62245974524	3667.38962664018	941.374215081194	198.059015955433	407.952080433908	542.061051184986	42.3770009822683	1891.84983351685	785.012598565766	5.66686547200761	8.33360620445395	213.669985757367	1532.55214813141	0.914155179841045	11945.9879571961	7098.57373593874	11158.705815299	3970.78472808688	870.428868967235	1941.26846710835	982.484323986161	173.10066844982	2705.25674490308	7695.13161394515	50.1092477708566	48.8612906010178	1173.88409386725	25420.9955845376	7.20699033321677	1	0	2	3	12.9415122447013
4	36674	2291.55346688158	671.344211234865	7310.87251632747	730.504403241874	574.836014976133	23.1169074351198	73.7457642091098	241.579875943619	742.151108499674	13409.9782939444	126.6127927308	10.5924014932892	256.443927617546	641.588846278568	365.76843378193	27333.766365716	1835.87964019927	16156.8990647446	2389.75557526972	1845.83207999531	253.30027259863	413.286638413737	561.250064578238	1271.5103508665	200298.452785973	398.948342158719	57.0148851457426	2262.58667706101	6171.55028341829	1391.52066963604	1	0	2	4	82.4228231012712
1	19778	3259.74919089089	1087.85193814941	9580.73650983078	2228.689142819	274.551660369097	306.305380082907	453.141781071531	93.0066898102282	1796.56768951106	593.73621566586	43.3482228318745	4.67255417746267	126.832408970776	470.211297702667	13.9266833403653	28360.4175236565	2669.6199107966	23841.0187402866	9089.40735749229	1010.91615223333	1575.73618584929	1513.66017023721	312.632279968008	2813.01640350997	7584.13891934141	248.70586780552	17.0804425041708	1171.78465255028	7122.79685345215	207.106353223916	1	0	3	1	45.2184019603118
2	7634	2544.8439102556	1413.40810739706	6532.37634621389	1443.29198236072	89.3830272057447	336.715216924537	977.933263090116	50.9919732185198	2982.75811175165	831.720704629671	42.0216421820666	6.09674404286322	98.3895345511338	75.013010324696	5.05976107769046	12058.2337788951	3296.49757574879	16739.2395994405	5667.22877102834	246.902734427272	994.181998450399	2440.52054903681	170.936722274328	5218.75014841114	10043.2261311184	265.808257981843	21.1227759769306	632.425447473973	488.355169964218	58.7663991537938	1	0	3	2	12.8477046687151
3	17435	1511.9002664327	2001.20835994089	9087.20531429506	446.745587542064	300.278307585572	133.195244514757	991.539763367136	140.670255716569	2954.56532440588	6622.37418970563	30.837951268217	14.0881031820529	185.005904752382	170.1397966993	7.52258995140171	13691.5282349627	5793.72907542427	30105.3481624727	1327.62172791071	990.184841405563	528.655671909415	2542.92658975989	390.010615074162	6432.52407231201	62304.7381736837	190.340431705873	77.1845932873551	1876.23022444049	1914.66136910915	60.5032233079101	1	0	3	3	39.7111860330018
4	26719	804.029445983393	763.907086955941	6024.61446814826	400.889395583442	343.503588126127	1.52471230295081	52.5413563098217	370.32231128553	971.016878402509	10002.4093613209	303.634330717953	25.1891622954583	808.974717873255	183.724496407324	364.989212625671	4534.23365719407	3151.51125179315	12358.6441716864	1125.71969896839	731.582982119973	15.1836375795218	242.350794365544	1027.53851583359	2530.7054141513	80058.4838923825	1019.32379118012	101.835972926927	5899.67341953577	1076.20588006578	1060.51967974248	1	0	3	4	59.5679193315125
5	5654	778.941123748599	140.80440220713	1952.13844350752	169.378584042554	247.332484910619	1.2536387580192	26.8284498047933	639.170269591372	210.054780939067	7009.49402317281	673.889054605372	15.9035395965047	33.7743604678902	79.4770860248234	1421.53627067011	3222.7942266822	714.912877907674	4564.53560847874	920.290610623233	952.516900511375	29.0551787893635	230.53160040592	1097.73126778231	521.385069847226	38153.7783409202	1580.1806204337	52.2700273400138	269.871065034193	847.659380747189	2224.11104599916	1	0	3	5	10.8722842513558
1	1903	201.316733637166	169.134297901708	2324.45632171003	293.063351516926	93.3333851084439	0.114712451073987	153.807422290693	215.364469739474	731.943798584411	48.9195806532558	26.063669200399	13.2392858483042	6.40135045959099	27.4744800308113	22.0537755770533	776.695808055806	323.230937737348	3883.37746947313	847.445192344491	209.638607277659	0.375234937360783	268.188550588998	641.993152732331	1020.4416771733	226.313322430005	91.9921684823535	28.205271455903	21.2728655765275	116.165269307567	143.812893636453	1	0	4	1	3.13754583307075
2	4730	536.216895378594	230.353215942607	3522.4546944988	550.947812948988	187.123664033918	0.191082378578407	67.5076379411811	320.263979258983	451.733636150237	198.742497749722	94.6519179438425	10.0761095838995	19.0168392517394	47.048915242282	249.080354272386	2396.55747529273	499.779214852665	5982.57361314434	1194.53186225651	471.335217846788	0.921351264352212	230.267324065361	796.63896886941	690.029688858124	1605.87953886939	405.994278660907	29.0717375346341	110.978202600629	332.031138965013	1507.20115938611	1	0	4	2	10.7818605196878
3	15873	497.918618813262	114.825326498584	2958.28778042947	365.940201670412	409.790048915352	0.402968349364244	9.75516637890761	851.811318511365	435.352913275678	1908.62990074169	361.521957323372	42.4523015915139	107.03139282385	28.6907113738805	833.92623313301	2105.95394899925	304.200005709402	6403.237830819	1193.68996164835	1554.90081906177	1.97097668527641	36.4530023752978	2818.74833280416	685.003339542172	12234.0545689883	2540.80300776051	216.683305176111	522.55257473917	152.239165227172	2338.76475131442	1	0	4	3	35.2374546881604
4	5731	323.525613512482	123.400606733975	4286.10381967288	117.439612183418	461.0488012303	0.696721362996013	14.3355675411366	685.769527841646	813.15985165605	2782.54026159995	126.185381509535	250.79009049264	752.918334390725	25.813948811855	382.966237726754	943.380799411617	370.166348450681	8031.03927749037	517.555015389109	2876.0591322899	4.12193341255909	64.2780481280788	3204.68017392481	1258.20886057868	17288.0423834302	441.937939930029	697.274133042085	6787.32976098958	213.772767716192	994.284543058468	1	0	4	4	12.7490759932601
1	6138	414.088943672321	149.678978345145	2156.1934688344	147.891221813871	117.218015856599	7.12898744759341	69.1974553051181	89.5971928164274	1563.68533909288	301.121299440012	17.2497038297662	413.619423144112	134.415849643527	64.332821794202	12.6303405542907	1306.0685332484	354.209236899741	4466.27746288419	830.320231808751	342.853171522436	30.7864560009769	145.469052833492	335.489238677389	2174.63191908083	3072.88538869037	106.157615845276	2209.37025500474	582.454746671884	292.319630582466	89.8209286058881	1	0	5	1	13.497470352317
2	6512	933.691930309091	264.770748948273	4450.49402846304	151.48705528489	147.783322309657	2.48801841983855	96.216277697978	277.002418552176	959.164023727411	1312.54918661712	107.674285862595	265.59909456032	192.546301419973	15.9061412752172	138.917472869759	4150.79939848046	909.47056200573	8710.05790207072	484.896573386983	349.821347673318	11.5105270043896	552.556149627427	1204.41038860205	1320.50386179815	5865.49246200176	537.163685352177	1912.8731488635	816.004678181023	114.014715710891	699.80113130617	1	0	5	2	12.3601213161466
3	9383	2064.48068146616	651.512816920858	5197.89214289796	195.61932115121	586.357182063127	2.48720238762364	215.587946688006	184.60277489482	1209.81701330685	2207.49791084335	47.6921643898075	366.236087858771	68.7016609295684	18.1023641186921	35.5571833136554	12141.2549205588	1341.72893611463	11139.0832707285	819.045860654545	1355.50371400063	10.1574277454051	753.551321032436	696.366254484096	2522.36227348587	19590.810464241	267.600756219976	1564.22723041529	393.010478107608	150.642156153715	164.184462006851	1	0	5	3	21.6219229929666
4	7337	1043.05618672252	389.067179171072	3694.65161500553	45.1064377835596	442.007942634884	0.232509145146592	6.69216367442136	343.163568283734	461.600980679664	5844.38233004985	169.287842543166	1517.52779902976	221.769953973174	5.71820584839271	308.64475091767	4852.4018456679	980.010114211968	8317.82274489929	333.59117282087	1226.97759237609	1.84231306879877	61.1761401126988	894.2258462905	710.931660685944	21823.7309895916	958.16354255183	5231.19463585109	2225.03131604968	67.9783099466344	651.816373679618	1	0	5	4	16.6718554616822
5	7623	700.336622993408	166.838023598163	2380.85730409937	18.2457303647927	423.741503442033	0.187816002108838	3.44141886722167	831.95916381017	286.641095294638	7168.51506520045	542.030708772747	1151.10449908573	55.4711938144132	0.559508385131431	1129.10300322836	2611.32192182727	436.8653855392	6328.88890234184	165.863363762242	926.541782946917	1.68110031624851	20.0528684183985	1589.07163813975	607.532468350601	36718.6810421194	2139.88932964613	4849.85051396282	207.664711985217	5.41890316712749	1837.79633917585	1	0	5	5	16.4655615604872
