STRATO	N	M1	S1	COST	CENS	DOM1	X1	SOLUZ
1	1100	1017.54919248954	522.677392721365	1	0	1	1	2
2	32725	1929.68741735065	1126.660631089	1	0	1	2	100.805548464876
3	20966	1589.68486984299	970.241448215915	1	0	1	3	55.6169370510067
4	9020	2041.52914475955	1774.7282516918	1	0	1	4	43.7673309548346
5	15895	3602.53819834208	3494.17677462475	1	0	1	5	151.850794162512
6	24662	1352.21741817062	1163.19819243755	1	0	1	6	78.4320695513179
7	68211	864.82662359658	862.48092836725	1	0	1	7	160.847968308749
8	46838	512.657057893695	489.882873168117	1	0	1	8	62.7338962304527
9	31735	266.107732947226	400.941784477388	1	0	1	9	34.7881620352138
