STRATO	N	M1	S1	COST	CENS	DOM1	X1	SOLUZ
1	15928	201.182083684568	110.459117491866	1	0	1	1	26.065570066658
2	30547	127.003235974396	75.5218890269985	1	0	1	2	34.1779351012984
3	24618	204.071321701706	181.734062486244	1	0	1	3	66.2816809232947
4	14124	620.656796569605	454.191090033097	1	0	1	4	95.0387532950114
5	16808	441.875352265872	300.490198960625	1	0	1	5	74.8256954722468
6	75471	311.764354688715	217.676489029878	1	0	1	6	243.386250329839
7	27610	191.011820612031	129.967724055549	1	0	1	7	53.162614598719
8	11825	175.562376833432	74.6267097879621	1	0	1	8	13.0737403464253
9	34221	75.637691196709	62.6310025927208	1	0	1	9	31.7531248967894
