STRATO	N	M1	M2	M3	M4	M5	M6	M7	M8	M9	M10	M11	M12	M13	M14	M15	S1	S2	S3	S4	S5	S6	S7	S8	S9	S10	S11	S12	S13	S14	S15	COST	CENS	DOM1	X1	SOLUZ
1	98	8.01095621924289	6.02859583516704	18.2016973496169	0.262146868325974	0.950907684933823	24.5105354817839	38.9263726017449	16.9936351347933	0.0445842379807317	0.00379366494706029	0.579039135002295	0.00131119868339999	5.48267426335495	0.283629942780794	0.000227827040460634	7.61557893033077	4.87307602949401	8.51944102038025	0.440895669725346	1.37873080825121	5.83089185702165	27.8216069938817	17.5637627696149	0.0697012095137849	0.00635018216264655	1.27858601244053	0.00334878007067507	8.52524810551874	0.450200366522891	0.000472216246892454	1	0	1	1	2
10	141	91.9937961085075	16.1041919555889	14.5768610689241	4.69988038829102	19.0121675673796	16.7619515354648	7.86933961998567	4.92701881725754	3.01492000580882	0.416852333040421	15.919690128515	0.639714553144226	1.45323331585712	0.680652471184935	0.998894277977138	63.7020132614927	11.0939270639223	10.4754427608812	4.23200275285707	13.6231385785504	8.25309412823527	14.8358060663937	9.88938451574412	7.14509976999276	0.361816195537958	42.7634418434339	0.745922627130118	2.65590606092392	0.996561637515705	2.82599518637473	1	0	1	10	2.4121625980059
11	477	82.7429927752324	24.0590495228463	24.599797857659	5.5691194491137	17.7953543468833	24.0741728265754	12.7110154753853	11.2676309314476	7.50613511901251	0.782735562214686	16.9223001267547	0.625679195033235	1.5223614762367	0.818219676214335	0.709052258476503	50.934810224292	24.7908814061927	19.6968016421277	6.31841101267917	19.6045052145328	13.1088764627952	18.9640915035547	18.3842830565838	19.3724135234913	1.22286941219773	37.3862567233321	0.77815725802322	3.21132686255374	1.21474233133937	2.21104132781821	1	0	1	11	19.9794175730622
12	456	45.9460251777287	16.1177430678005	24.7438968507149	3.40960954925986	13.3496481930845	28.1772361631574	27.76467000093	12.4970384430826	3.3007862414792	0.337502991734455	12.7040801410162	0.215725697021345	3.01257262421322	0.709240539565085	0.550610661694351	46.6833871263705	17.1481216073681	12.7497721814495	6.97732221187661	16.8490568614084	8.62288215020587	28.9402211988774	12.010450414439	7.3481207338764	0.688288286060063	30.3921026331623	0.717750756140384	6.52510357080257	1.28737837746954	2.22662757998512	1	0	1	12	8.76156999999746
13	158	27.2153562765752	17.9795369326534	12.1974629638832	3.42593072168045	5.30398853048147	18.2631802291094	19.0677541597663	5.24045246828064	0.920306036623435	0.278426913820214	44.2130438968742	1.30293911810078	5.18240220649265	0.86214614656367	4.48725201429982	25.1633760241156	22.9077722962166	7.18279798056605	4.28066020396064	8.98534023787784	10.2222235070565	30.8595615525564	8.8173632804656	4.94096544996726	0.420311438246629	60.0382480599572	1.81538198872462	12.1262999961429	1.6021306679398	6.29592519605734	1	0	1	13	2.60365151515651
14	334	68.9583311823983	15.6442451523673	11.6596940383179	2.78635844936396	12.2531613937745	17.1073156972654	8.75755260964659	2.62121560181805	1.94718498663646	0.653818651161251	18.5841962284264	0.477230537446475	3.44893087677423	1.0146555455393	0.540815242497826	50.6594454013561	16.6430586951867	5.72038609436002	2.53714425253089	13.2953279277314	6.48033221684425	15.1009847660872	5.28935109059513	7.78169877009094	0.785292912169805	48.1776687532432	0.731949007845289	7.99307190258599	1.56586783207719	2.1270489756011	1	0	1	14	5.83208531914452
15	1732	71.8688315548094	10.3334036246201	11.0961686243574	4.97208015947221	10.5526787443155	17.3534087533718	4.39996153853737	1.72727608412248	1.33769309704469	1.17211966559546	18.2523309667357	0.592752720362116	5.04019986127325	3.56153012838279	0.620196606299207	51.3477759214077	15.8793858133772	6.37801983757786	6.43995654451542	15.3159705852095	8.33726571607981	9.57567641901805	5.80245359230954	5.80549721590391	1.65055075899593	45.9346729964237	0.706870043743393	10.7820485996438	5.38790689338836	2.01015545087423	1	0	1	15	26.9606205047397
16	344	60.6562135974583	8.09619366592917	10.3335371033605	8.41915347238055	5.98499326504731	17.5240424586039	6.26532737006519	1.33471070140825	0.171933913509953	2.22030472912529	49.9610449464393	0.482099736842602	22.1710722524612	11.6324151496599	0.808361978335776	36.9490349334804	7.23709584413153	4.8010051749918	9.02974432882204	5.68578375735407	8.48764994774059	13.0584042378941	3.13125342882035	0.775868387629544	2.30058151938854	90.5505251688013	0.779350494978087	60.005060351666	26.372069230806	2.69077082736395	1	0	1	16	16.980678865801
17	309	67.2659362645601	14.0473410055851	7.17752471366958	8.70070190040359	6.79378274011946	11.3291098267413	2.55701213497054	0.518243652194333	0.0273643499686974	2.99725529606151	78.4066065690678	1.51325215258898	2.40087191680521	2.29204306771591	3.04727730665361	36.0054920716996	13.9275169814039	3.23535688899098	6.39544365474136	5.79699293584343	6.68011579314478	8.51273166658853	1.75092352371603	0.172279557993668	2.15340838992771	159.348839000228	1.65815768207526	6.35939626370869	4.68011629025504	6.1615396000186	1	0	1	17	2.66857957794926
18	734	18.677426257518	28.4930089324771	1.59507793620097	5.48014757713525	0.630648416366052	2.5093653649134	0.00186377257891093	0.001466633699041	0.00000014933097745783	2.70387675073279	45.6511955552505	8.62295472899965	0.225834261238385	0.213153400368348	22.7064734137897	19.1491171445541	28.7447828626149	2.06424204887271	3.638632335526	2.37326657181703	2.16409849196149	0.00791596977950836	0.00479964898610602	0.000000870047010753096	2.19725848912524	78.9600971471349	3.86028602683737	1.20419723922176	0.898935864021384	8.43166031711196	1	0	1	18	3.22118258682168
19	1358	87.7413105389341	30.677660291519	11.870428108931	7.39956515480696	12.5911289005422	15.4106062606763	2.32499471299739	0.802157510485095	0.111190246067984	2.41785081137682	48.2758283752945	1.70101340288804	2.65338741207055	2.14864878925011	3.34495774999	62.3060214750265	41.0594109152027	8.01313050872295	7.96072269860816	14.624373212582	9.56950521753817	6.50262505796711	2.36840493444737	0.80258961540186	2.63007104779846	140.546445917172	2.81524350467672	4.50227350660361	3.00199586254239	9.32677607780802	1	0	1	19	10.8365528020369
2	230	17.0662579677785	9.50121127126035	22.0160521566795	0.261048613379113	1.89280612120454	27.0681154778692	32.1841365133989	13.035450171058	0.0510161255373399	0.00403412817671336	0.40075105719026	0.00294172223637365	1.46244015736142	0.200245338449387	0.0013393164837264	13.9771648911733	8.43892081338609	8.14072247691	0.362940114757172	2.27422994209566	6.83435220223523	21.8290454211669	9.23288556854128	0.19457924150317	0.0070488285595779	1.25289588807394	0.00619681981585805	1.73400802126276	0.283899533647659	0.00296207182521788	1	0	1	2	2.05830484002949
20	614	83.4463815055301	20.2176471015544	12.9747576094687	3.6083840422321	12.3818885569456	18.7338313704041	5.06600343222552	3.38605324127428	0.342805131880438	1.99050915057995	26.9042697237506	2.3356198448704	2.69511371537401	1.94413573312388	5.0433201211955	85.5587296958285	23.757742660867	9.91215870096225	3.74001469355967	14.5293524106033	12.3117434477606	8.39068535953185	7.67741519473702	1.17652448422159	1.7993323138096	55.115685346644	3.44949733847302	5.80461695578378	4.70316794326545	9.29833262974963	1	0	1	20	5.90412169080134
21	899	67.8363893335378	11.6906420845461	11.0159633165783	4.4220821256844	11.1686298551206	18.0273293348311	6.93644103663641	5.76868639914779	3.43435970938202	1.43455534105905	23.7652182975325	2.02782400968912	3.01764030240139	1.70621972204591	3.49291135375909	79.3887624530331	14.4604533691356	9.63213456056535	7.79263636736221	16.2187576208512	11.1141477064897	12.5010845162958	13.887888681894	9.38556882665824	1.44202649255578	48.2580504579909	3.84371892535754	7.64815434103484	3.42838907121982	7.90898800795881	1	0	1	21	21.2859695853253
22	1993	114.418341848624	24.2737406138696	15.083419115857	3.89523540746926	20.250523143419	21.252802092034	6.59617085483382	5.57602487382577	5.29588112022277	1.72214162667137	18.9248677946016	1.19748443610997	2.56300639169973	0.928579113352513	2.03809605538852	100.901921565036	48.969423996263	10.1448408626355	6.32821040332947	27.6077006307733	9.55125466962224	12.561437529278	17.5230968741151	17.3400607645054	3.12658288086607	61.2671325258267	3.19906550126376	7.83077793872309	1.66741073292852	7.78597173062814	1	0	1	22	76.9195721940512
23	1922	111.422905158097	15.4427042169106	23.1480677641434	4.15831853449917	6.7139302630448	25.4753998359711	5.52294457151631	1.49813717675078	0.210893332253875	2.06632066089747	52.3468751419409	1.30886014913586	2.88934439843399	2.5611724585849	1.86284776795787	89.3661601934073	22.2711716877726	15.0575706712082	4.11141798341753	10.4756696831036	12.0951406794692	9.90024785639909	5.76300680150977	1.37481065842042	2.65169822842044	92.9494863130961	3.28449438067326	5.36682972372702	4.81312863557346	6.30124871663878	1	0	1	23	16.861638893054
24	2901	74.6502605119317	7.68006955176747	6.54264195338951	4.89502650241575	3.78176965234635	12.9399933952966	0.768752357182037	0.15157620288053	0.033408429501436	4.11858737646434	62.586114582566	2.86624964176075	1.88266141542382	4.12995663538567	4.81042792290624	59.9766868162235	9.28318665221554	6.27871385010118	4.79662491841434	4.44070957608398	10.9231469352086	3.30911207731476	1.12479365817333	0.282640918397003	3.85899428747445	69.5030402625869	3.7501462743652	3.43603272339482	6.58308008691474	7.75419096225463	1	0	1	24	14.0622780657474
25	1200	75.0039238972209	9.40013546675475	1.58959710172165	6.41776117774738	8.32661816739319	5.07127836453291	0.160375092863518	0.0015429649117931	0.0328996263725894	9.22762985946886	15.1385101897721	3.02230885891084	0.0625849799593683	0.436164618188867	4.29044503528856	36.9365056089882	7.70764966034009	1.4746128797207	7.32862826444461	7.37676522555792	4.19378713919865	1.26474366509629	0.0139446349662941	0.208391907281424	9.8941131101258	23.9019151924267	4.40835813519907	0.179058851390537	0.607492887192436	6.8309940131837	1	0	1	25	5.18863656807503
26	524	56.9433519804664	4.30159586608405	1.38088435296581	5.35617342483717	3.41929044553091	5.39110966400816	0.063519942274437	0.000993260953866312	0.00773865774016947	9.76730906702742	24.1860714026549	3.67727128103403	0.185065524407813	0.950840056042471	7.5236009058781	35.1976164603384	1.80571675636092	1.22927719215347	5.79743398631477	3.65814680165143	4.93636807383199	0.3489791920881	0.00602258018817485	0.0640546047756555	7.69396977938132	31.3546483563962	3.62043175371258	0.358163471193502	1.16734429264725	7.66733434715577	1	0	1	26	2
27	2724	40.7348712761208	4.81128956277679	3.16362768715077	2.75595811747232	2.10465439463772	9.10389051332721	0.397455394809872	0.0224611819536913	0.0143133796301185	4.47223515951026	33.6738179099353	2.02907035316577	0.286468646385653	2.29098477318912	3.47580069939496	23.347740782736	3.58683196528179	2.52007334252524	2.83060781332376	2.6679319477677	6.52175476697326	2.26848840811143	0.202821774752151	0.131199834164032	7.27246084781687	64.1318524243004	2.4868166874484	0.615239291703878	4.02691260887195	5.4115619883294	1	0	1	27	10.7140083879067
28	668	36.5539742178832	10.8346074199639	5.79713535668805	6.01222421943248	0.304862758772366	13.6767260586083	9.65601915913271	1.41599623908729	0.00209950248037216	4.08018032673652	87.3477617037646	2.78542830768924	0.115462590158936	0.516594667813987	8.43364761369869	28.0005938190792	12.2469587480578	4.38453471586771	5.71888446356897	0.591449817011032	11.6451926811592	17.234198368019	3.38781359218137	0.0151124311415861	5.19118311591615	137.574893667214	4.81218354647011	0.173014864495428	0.724817509523908	11.5881054367156	1	0	1	28	4.83706660976446
29	1219	35.7780655392656	9.83322955506011	5.85108281664724	4.88892742256937	1.37214249633638	11.6366416625619	3.88604349277529	0.347962040484393	0.00668662160018272	3.12091219016932	54.40781478465	0.76808013017869	0.0935230626009206	1.34266717169685	3.8395615415652	33.5470038877697	10.2654555503343	3.85848158203939	4.03745161263753	3.42439144708829	10.2519595143596	9.31875282947585	1.02179794517338	0.0586907693262664	4.43714013029463	86.3770924513808	1.27070049401871	0.19720914288283	2.21263691192494	5.89005754406373	1	0	1	29	4.98773227231687
3	166	34.9814804262332	48.4129807101695	22.6295931580829	1.77973778689786	8.97156709279703	19.0616070100802	9.75628601134226	8.25703955204192	0.414253503544685	0.0252299066847548	8.28578838853196	0.0675298265196516	3.05996395672077	0.696437643303809	0.0165730379182096	14.1375062721614	38.6050565244426	12.7652182700013	2.2316627591881	7.99817415047248	7.59372443841479	12.0568812006376	12.5320132806331	1.84398050815125	0.0384481725108936	19.2644884365645	0.0480704292327437	6.22149720776465	1.1769512275465	0.0222733751182271	1	0	1	3	2.27770596978673
4	850	34.8455902250079	48.0230031668627	15.1174643312218	3.1197258995134	5.57880760614978	12.8390108245922	2.59320848513618	1.81995996652093	0.00285788134594101	0.0583556517772259	32.0402275044703	0.462775734009064	2.7066601207385	0.872643655823268	0.837907556957863	16.8703372466651	56.1974528243297	6.41209851001283	2.78500529782646	7.29601767832405	3.18330447418364	1.76967816604749	1.50902993087314	0.0229857791057346	0.070235212220593	51.2104503691155	0.430208414230363	3.80457966998266	0.96067473556014	1.55065320572169	1	0	1	4	4.51558023313764
5	140	48.6839653011172	91.5595098243753	17.4712727298319	5.3756582813357	15.4559407623492	12.8878083353319	1.94651856034164	3.63192480500218	0.188237495027039	0.121882225073998	33.4404667070768	0.801123150502755	4.75460785301184	1.27668950807938	1.89985364745206	23.848598074351	80.3597515910208	11.1254251415875	3.89924480902911	15.0406408115941	5.0230262144432	1.94727664073133	5.03074890468044	0.845485950278138	0.130225434518015	56.9490867818425	0.866806137821431	10.6821834943558	2.51999565701926	3.34237309089074	1	0	1	5	2
6	195	58.6300015319544	77.7120135458376	22.0884240323593	6.16931393133797	17.1708152374577	16.6289587179566	3.87527396077878	9.1173291334991	0.783926290730745	0.146209873523534	11.2697864501758	0.262314187478485	11.6829529303417	4.15319706517138	0.130907817123765	13.543918970207	50.5794522532015	12.2763020109348	4.79972307321997	9.933754559066	5.42866222182953	6.10459608711788	23.1704032471382	3.9413586896099	0.164618658224196	20.4075515456698	0.231703271736594	28.7987545366217	9.5242722498828	0.600060893519995	1	0	1	6	6.50886837863252
7	303	35.8523102960426	46.9872208666579	30.4362454135946	1.13187490609987	19.5473663997033	25.2828147753464	21.4710458355941	33.3497941306489	6.4017715191522	0.0476043287622095	2.7002924767841	0.0747497095049418	2.44717118255152	0.596621071110381	0.0401910605310737	30.4118254197585	42.313201856673	14.6983478306333	1.3246153648558	22.6501716154418	9.58022762931228	23.2617280507031	49.9677130473191	16.0904152818845	0.125708810089975	7.61218517490587	0.230654642672673	4.93840383776693	1.40271469841028	0.295309927568808	1	0	1	7	17.3727416683404
8	189	44.5166588474806	18.315042785391	13.312078780058	2.09323732687381	14.9779249966525	18.1444387611387	11.7355562230198	13.7398011018534	15.5996657492591	0.208865467337862	14.4202622520301	0.413245988214266	1.65697903393554	0.605186670660884	0.765434174853865	47.2516535915695	15.2890350845001	6.05452155160919	2.7131090502231	16.3015023429739	6.52568172683007	13.1665068635777	20.2755081186042	34.0114698942981	0.343326947760202	37.3746203596914	0.804635035095069	3.49819868105477	1.1532579800935	2.51044111818703	1	0	1	8	13.1052081487136
9	461	72.7502004891338	8.41492063767618	9.60602552402815	3.86810941153273	15.1907748773977	17.310871460859	6.42624179372045	11.2425673058103	31.8443862857036	0.405545415835557	19.8447112356131	0.371295404464753	3.04952763564298	1.1128110865504	0.42776776213087	63.0427944614567	7.41496246188475	6.0901709332364	3.90953964071526	17.6835413977584	6.17523277421494	8.63880199666507	18.9079850573022	66.877907346549	0.396297704686449	56.7794067126499	0.598003802277845	6.91981886253374	1.89390943280518	1.75886654721362	1	0	1	9	60.9158122158832
