STRATO	N	M1	S1	COST	CENS	DOM1	X1	SOLUZ
1	35365	23.2697638788935	89.6881700185878	1	0	1	1	25.3094628525953
2	10395	189.159117663476	454.137047276332	1	0	1	2	37.669124669941
3	4950	963.137456716673	1067.96806366114	1	0	1	3	42.1830101673998
1	9537	13.0231219449733	45.1348501828132	1	0	2	1	2
2	13123	65.3184728806936	255.238324842146	1	0	2	2	11.301059366062
3	9867	176.461534567295	511.068634294107	1	0	2	3	17.013924371278
4	18007	665.510011463325	888.020717602887	1	0	2	4	53.9516342536739
5	5115	2939.26226555732	2133.23929054922	1	0	2	5	36.8150465505756
1	10648	175.364860278582	684.694528088454	1	0	3	1	26.714888211172
2	21186	110.537576584115	280.815830208251	1	0	3	2	21.8001266090116
3	21813	359.457275694221	661.009483900508	1	0	3	3	52.8337639611485
4	17138	711.728695228771	1107.23438969251	1	0	3	4	69.5325515183013
5	7953	2971.67448783816	2123.79786134178	1	0	3	5	61.8917301346973
1	11396	126.491576878492	331.404173967013	1	0	4	1	21.1514946311085
2	7238	454.47022261507	741.454992732862	1	0	4	2	30.056196375795
3	5181	1542.461298113	1397.69160618534	1	0	4	3	40.5560449928225
4	4906	238.317919083481	217.25241864294	1	0	4	4	5.9692918217592
1	3718	50.6906960835695	71.202978410012	1	0	5	1	2.05621393719723
2	10417	238.245602885542	357.974031992512	1	0	5	2	28.9637599966097
3	2288	1840.069406219	1439.57928020296	1	0	5	3	25.5830523751861
4	20911	346.755203829004	388.541410829383	1	0	5	4	63.1063217538121
