STRATO	N	M1	S1	COST	CENS	DOM1	X1	SOLUZ
1	1068	5.90400339456417	20.8767699670457	1	0	1	1	2
2	4607	95.4847306282236	289.053911020666	1	0	1	2	109.387367636817
3	283	1300.09242852287	4689.79642480864	1	0	1	3	109.021094035101
4	1375	195.181872548753	1251.86334722802	1	0	1	4	141.393593255459
5	3629	47.1690488057242	180.491400015247	1	0	1	5	53.803879452608
6	1797	411.953136948827	1462.57297358175	1	0	1	6	215.891592680151
7	4804	74.1396902682715	212.900397770143	1	0	1	7	84.0135972936345
8	3422	27.6209171026756	57.3767374273819	1	0	1	8	16.1282023639801
9	1847	1.37785477431919	6.90931608648031	1	0	1	9	2
