STRATO	N	M1	S1	COST	CENS	DOM1	X1	SOLUZ
1	94457	4.51353212305363	10.7018239482899	1	0	1	1	7.15413480001415
2	48950	200.413265595684	630.612520100717	1	0	1	2	218.464288001367
3	16027	84.7405756120245	203.162895196432	1	0	1	3	23.0442086452696
4	15136	175.239111135848	368.171592094764	1	0	1	4	39.4390607205022
5	13398	299.710616384548	718.626050111485	1	0	1	5	68.1409365534988
6	5148	838.349294885513	2586.22541773438	1	0	1	6	94.2258540583278
7	14014	259.750918621788	545.417619031153	1	0	1	7	54.0949152800043
8	5731	1249.38596368943	3207.3309232675	1	0	1	8	130.088632566487
9	33748	45.157660763326	108.750733549936	1	0	1	9	25.9743928136839
