STRATO	N	M1	M2	M3	M4	M5	M6	M7	M8	M9	M10	M11	M12	M13	M14	M15	S1	S2	S3	S4	S5	S6	S7	S8	S9	S10	S11	S12	S13	S14	S15	COST	CENS	DOM1	X1	SOLUZ
1	8470	1980.08797099842	1480.86225689412	1307.14470287489	77.2447948093942	53.9631170965085	1196.94954921715	913.453989595781	449.107508219287	1.73196168961493	440.939818171327	4.97356297841739	0.205820258008469	179.915732811946	51.2419346597197	8.4079756768996	1536.04977301674	2945.19945773373	1006.04805417338	108.568529062245	74.9133619091265	788.946016906006	529.938581250951	381.693624561696	2.17868551857254	1556.47325414122	11.474866067266	0.116720465279587	363.18985080946	117.773958305974	35.5803937268906	1	0	1	1	15.0931815514779
2	7579	3204.52392587513	3629.32538014825	1416.41954544065	202.740948484789	817.623956399259	1320.06942623092	814.337827436735	886.281930536391	1.30876681774934	442.285762523362	8.29476507041347	0.148413699602649	468.526159591267	166.535946130837	16.7472064082769	2598.84278327923	7291.00567111331	1370.34090871057	232.736974895012	670.732112613835	896.986747298452	327.742334136595	984.619078981377	1.99702641522908	1801.81766058995	17.4077382438211	0.0815032342589183	1643.08447511067	404.990193418704	99.5481361729937	1	0	1	2	27.5319081783244
3	25476	4617.04126565952	1493.06670616809	1492.39081601289	200.787808670587	1920.33316674112	1459.67511836234	1033.74957159163	713.859857540044	12.0792624296585	488.314109881501	9.68655550662593	0.343537707758726	543.343119018895	57.3559663742108	19.7356613152766	6429.79673152016	3135.96800594967	2422.62272946331	404.148079635532	2414.47898014328	798.280917249818	1046.38112545533	1028.90392055261	23.9441764096259	2495.92754081904	28.5416847421836	0.346037075894057	2546.95431487069	180.342159227793	111.111011299396	1	0	1	3	82.8246966507253
4	9185	3226.42180713689	1232.65728768198	404.019211482253	415.756663761484	444.708799597184	376.194611375851	244.533655841084	153.32840858414	105.598830457554	2668.63969677601	378.962025055069	0.302645483679391	63.5896560229585	28.7773816565524	908.128410648698	5116.48362288997	2706.66306124596	750.676628175997	435.487268944803	946.680992993155	392.669290332184	463.095090496576	361.337006959392	163.055327740495	7997.7586596333	501.705586263204	0.342278821838048	228.970430121735	89.1933331715986	1201.59805572897	1	0	1	4	29.3660563972583
1	1397	2204.72410103612	2194.18672663673	1202.29477499852	7.8496038024116	2732.43512181797	1717.09409984003	661.887720385749	412.351345523782	1.98957189471633	0.136501340531225	0.0133313413700048	0.458811805832399	3.16011869550905	1.10997210014646	0.000163540773774001	2076.22481093994	3339.72942329052	1134.45387574415	14.7354409677514	1540.04692164658	623.826919177433	390.60896598832	298.036950251649	3.70043777587055	0.648400550716767	0.0301849313045928	0.270859384467041	4.32858555936474	1.88948621199287	0.000287872449450384	1	0	2	1	2.69985455361736
2	8723	3213.39479466781	395.0275921054	1055.83162032201	191.214822082775	524.221839799079	1498.68251560261	632.290629176036	62.748765257545	28.5375363303489	423.629682243211	1.73022089875479	2.9455830716809	934.043306212403	116.767640015986	4.06804624834852	3791.18975964215	1315.01383511924	1416.51649268984	269.609152658137	1002.79819580761	860.478989590592	474.109201576873	113.634118723921	40.6999616403641	1339.58033887123	2.42068966499606	9.35050829463119	2193.86091171123	399.14415426748	24.9365381093849	1	0	2	2	14.6728869679209
3	13068	4035.98768075268	1157.53416988021	1677.06762925316	248.597560292329	719.569562150991	1791.3839663124	801.076042996451	414.950391044316	49.8222777834687	716.015170982277	1.27954815922886	1.87493852618644	539.298003682655	280.846767651341	4.50674685991021	6453.37781804206	3553.95268677431	2553.80218929586	456.034918945936	799.603715192664	1019.83013434183	1114.56463301673	647.462931200845	114.083555528751	5976.55553067599	3.70465037767475	8.43181578127621	5459.59344171556	2195.14756757347	29.4848271447551	1	0	2	3	41.5584080946135
4	20383	7895.35812442296	1208.9976119456	517.316876517481	656.619827472347	851.463721543157	664.755001860221	129.972688037019	79.8415812171155	205.44169188633	4919.54871965633	79.2376981284646	4.33725961488704	302.91245031517	202.450528623227	102.612697960584	7829.41852270654	3686.1542737549	1005.20941647321	781.230637506718	879.561568000847	542.596896767038	264.403846715775	480.885153803344	254.791537376106	24839.2648844014	79.2988387530926	17.9372209363521	2140.96181411847	1258.4500993662	278.970934850744	1	0	2	4	66.4553141102631
5	12078	2926.64218103512	735.769956192994	137.292253984023	284.028787588451	266.611548660808	247.558952298964	42.874094108312	32.7383966938276	376.289269583676	1845.60619849494	257.825077981328	2.31212837784142	16.9087343838275	24.193433946106	792.624452150083	3757.50712582817	1784.57678537228	285.331395922531	602.160206117334	555.478003014615	398.233594584465	183.876208629606	239.928387405155	380.897951620484	14886.286575206	313.618802315562	2.26592968814751	222.300114106607	347.29019975468	1046.3982150903	1	0	2	5	25.0845478659304
1	5665	1913.4978520747	1453.54303716296	796.044747244846	30.0154143841091	1355.68054852225	1761.21235272854	502.31321402679	340.168694646035	6.05536036736305	7.56872524124543	0.0382372978087272	0.801535444245973	54.8631446921813	4.90691603888409	18.9455456264275	2331.16081476321	3275.12918688466	809.144992779013	61.0038900811947	2442.41730034357	1161.37990522551	969.37301987149	664.400564011124	26.2670746300455	52.2104332564397	0.304339559026709	1.13988126042723	336.017342935297	14.296688780306	97.7854361777254	1	0	3	1	9.0370460119788
2	25465	7744.62846892021	2082.77066720421	1088.34790524524	189.683959476722	1271.7242048276	2016.40406130132	638.994271798281	252.256228185892	68.6499485359238	668.732000723984	31.7369200268411	1.16182243902417	155.722679541766	52.2784767059312	32.1773728595005	9618.99120458156	6291.05213040371	1226.01342159875	306.098065518357	2307.80538393075	2016.58080055537	811.786127009486	467.295462306822	126.182206533556	3237.69171127199	88.0569451389217	1.64154518984177	1542.84836504335	247.377392376772	175.94306792985	1	0	3	2	54.2573890182257
3	26598	8112.36073217666	532.774345126739	1069.66018039254	342.369995495725	406.09024503089	1668.8199395784	326.779852810362	30.7389159173385	199.319273759337	5924.58939486608	63.4240220781253	7.99026012358607	127.938294662574	322.561965130977	46.791280116423	11764.203502626	2195.14774299191	2155.23291163792	374.211912132683	518.688333170332	2147.35327305649	605.590572836363	89.9273838706341	263.999951880042	15551.1387162187	126.582178163122	11.8663366962868	352.420594224939	1270.4096630761	132.333045341633	1	0	3	3	56.2325286333949
4	16082	3885.63463952659	652.677505674332	175.759696775129	297.92467518498	387.476793748762	279.846370013672	98.1180090589727	13.1617238888659	489.938153565991	2999.95260158831	483.435800349068	8.22313119564479	14.8097319491775	58.2584677698293	793.543129015793	5207.95515259294	1635.63762916577	337.695796848784	306.83034327688	796.740633947035	298.22718788364	322.568635024755	92.9502423082114	530.248311054492	7416.06518379422	587.212205530131	11.34393695177	118.699979937176	256.68291866469	736.99124295143	1	0	3	4	23.6790734775892
5	4928	2766.62099936728	454.001301902805	133.346295961202	127.973241140619	208.889246370522	246.892422056946	32.9960642933538	0.873824417824984	581.43215993571	960.707732125173	252.923943932118	19.6602289325995	7.1043780158768	15.1280251617905	548.91630224534	3028.47024341687	1262.17347393833	207.778877343892	149.930266222406	334.350622067032	416.772863454932	68.7081125251234	3.66705144144363	564.893533381918	2581.7894230897	340.569263734231	51.2013081943232	22.7557477637405	27.9222067064886	623.063737826604	1	0	3	5	9.79713473794152
1	583	734.202295147392	578.502853498772	251.229747416614	74.9793382961532	323.998715537089	1206.46697112649	84.376234376925	1.63214003300549	37.6304247219398	1.21777148719145	0.0513312626501225	6.42473387346358	4.41406490417407	1.43231878305044	250.093746730249	830.173666350881	836.294299546291	198.632715061591	144.347517110759	251.741984898301	895.161861187469	90.4773516125344	2.45199977191751	73.3149949510168	5.51439893327784	0.119406668303321	4.05821938532842	8.02459294091637	2.37305958216446	515.401407454076	1	0	4	1	4.82593088655995
2	3883	3310.30184044961	301.767508475505	159.166625178677	154.718396201014	414.435547121986	593.420147169302	131.67139886704	0.577420409245643	153.758825545081	117.086575991556	31.5816681833134	5.61783356750474	8.68593889992476	15.0394535745116	104.595359992312	1773.36512068155	553.154506020493	152.934248265718	233.953984154708	336.151038589031	403.129217780537	111.332382320805	1.4256283128592	235.737818377222	360.502206714079	47.1776866513674	5.12042260822341	18.6912526156734	19.200457218457	377.114248310659	1	0	4	2	25.0922574621887
3	7513	3098.61303382435	303.275477181785	190.62964923818	265.919445452221	518.181922725428	521.238804111773	5.84341503964744	0.226518674281348	354.630714557372	64.8477928717024	33.9372978190323	3.64291888819032	8.93694403507643	32.4964290922769	60.9202417943401	2176.54778973305	226.876349152808	169.435721793091	315.986605126453	427.114666264185	526.498783188835	11.8686017491139	0.44343538197748	507.811415490824	370.311199033258	71.9040372587282	3.82452089454912	13.8786211876828	68.82209218425	142.454719304161	1	0	4	3	30.8405248345565
4	8756	3237.72349010468	307.538573251696	111.231310336847	364.397030715383	192.430210106769	426.796234090533	9.50254762647016	0.597779824947338	767.380184364109	4793.13264021129	142.780627467368	55.3663425099002	10.5503799175891	112.311186185632	369.03632768753	2160.48556078671	392.358310531491	180.312952989472	490.341134642731	285.841166550268	370.354253021635	34.9993610291931	1.66508448481996	1105.1567141928	41776.2296077057	236.095706557548	140.048364048341	18.5260036691674	252.475341483948	406.732918575418	1	0	4	4	54.130209767935
5	7986	1585.95873344961	331.814919401876	34.4591570324398	186.872093960427	70.8385507802151	265.048494078211	6.74131563472692	0.370010713784665	874.906407348822	4593.79471174533	295.983752697422	101.176525270355	2.34677711416747	74.0730888938757	967.716918716636	1398.42627945227	420.526265772459	80.6640365519459	190.771851207584	156.270803202461	331.294526778018	27.369590807223	1.25593597209178	812.775991810233	28440.7357486018	317.085234019175	218.837526220679	6.22685946717886	170.562814287979	917.033555774962	1	0	4	5	40.4775858004321
1	8272	2350.54560804445	320.23012913297	195.356872586759	78.0255918530441	94.427761257503	1161.18541607081	30.6405637902524	0.376622780050641	65.6621610679732	429.060378265132	12.4344731083325	91.0094103282575	4.96523802280811	38.4553948597782	52.5348301510438	2131.77024086229	358.829877569325	178.587074715614	76.2084683977511	156.765323257337	956.642365633855	41.1642303485155	1.29135643118771	122.311757891928	1494.66802887902	23.168793867907	151.078654710466	4.48525334715735	55.2374768790998	134.788545767605	1	0	5	1	21.8952547773534
2	7722	4082.00938440201	1007.66786496762	376.642491204815	383.025898128638	214.459876056162	1416.28102609104	271.296022828652	1.80845299278717	106.074520059781	359.42552462926	10.7645847967157	185.748159412192	1.50261941498892	24.2974520172416	94.4227315425563	4867.85455397019	1496.64496606524	286.529211911249	492.035106415424	400.243831799945	1078.97785603966	305.759666879479	4.12741812690323	233.186379585395	1052.92726176294	33.1922450145656	477.571834825936	1.24163955981888	40.7496006683594	279.889281080187	1	0	5	2	33.4549750184281
3	15092	3534.18926635426	638.667084614032	216.27641306762	321.530070286898	49.813844809082	434.016771665168	25.6120993948771	0.244379904960785	307.285050253713	3902.74003920834	124.47701729543	809.68921957438	0.756780021768475	68.2945375925673	303.151417336425	3796.65325396381	833.388378198524	203.940530387613	323.869417658193	124.950586018283	369.991867018575	85.1066313257283	0.888133128171691	473.360878564217	7510.95724648175	291.31681823046	1934.53098906801	1.23165727064501	150.656005469655	471.53311266795	1	0	5	3	66.7181710713458
4	6248	974.32305258075	513.451860561234	62.1319938520851	241.315382500796	8.68402557997923	95.731866270554	9.96431607122475	0.185847918781197	944.063781402516	1469.4553070746	647.609889432127	655.461362444588	0.157617032830381	3.78179197875124	1081.11817405913	1219.14397627982	560.471901819748	141.715209125663	243.636469853684	44.9460101658043	234.919775504775	25.0585744892572	0.468089781189271	858.290214058059	5358.02080157977	1394.39264558204	1656.79281572313	0.568726022281731	10.1836927264283	1078.23449475867	1	0	5	4	24.2924932239509
