STRATO	N	M1	S1	COST	CENS	DOM1	X1	SOLUZ
1	10692	422.191162109278	657.465068300264	1	0	1	1	2.75698956021656
2	11011	1472.85724132726	1742.29866837174	1	0	1	2	7.52407048784932
3	40161	3801.27100156066	4329.02287318011	1	0	1	3	68.1864196147524
4	20988	5585.79245392648	6829.83606130184	1	0	1	4	56.2192209318722
5	64922	8732.97149746959	10507.62055178	1	0	1	5	267.546799273054
6	15477	4851.60172260419	4521.00123501004	1	0	1	6	27.4425773151264
7	52063	2861.43629867991	2409.5653809323	1	0	1	7	49.2007125742567
8	20493	3440.10388748084	4212.08378363791	1	0	1	8	33.8536912829584
9	15345	274.734696829684	499.226847298632	1	0	1	9	3.00447305596453
