STRATO	N	M1	S1	COST	CENS	DOM1	X1	SOLUZ
1	2174	0.67407231154839	5.99259722113267	1	0	1	1	2.24727243083781
2	3361	19.3740541046521	63.4946805743043	1	0	1	2	36.8117912712205
3	1102	78.0633584566292	228.042787834068	1	0	1	3	43.3489948540297
4	4655	18.1135828183735	88.1118447892747	1	0	1	4	70.7514060563372
5	1644	89.0560834464499	295.364360778387	1	0	1	5	83.7608354047751
6	4682	49.2879957213727	102.160101291412	1	0	1	6	82.5075744360788
7	974	58.4656901515741	165.401802939497	1	0	1	7	27.7894717754626
8	2815	20.9351297910331	38.5575065753711	1	0	1	8	18.7226981746453
9	1932	64.5758008989609	138.561009065461	1	0	1	9	46.1773764663653
