STRATO	N	M1	S1	COST	CENS	DOM1	X1	SOLUZ
1	4202	0.291568506073634	0.153937146873761	1	0	1	1	8.05216599954574
2	26510	0.163319661469588	0.0873204647586975	1	0	1	2	28.8163522827476
3	4323	0.260558735229917	0.146931271229503	1	0	1	3	7.90701768441355
4	10934	0.415486312560465	0.298939084792631	1	0	1	4	40.6888118882616
5	4741	0.669857115178542	0.636575848394369	1	0	1	5	37.5693214615692
1	2761	1.4327838232258	2.39885469126839	1	0	2	1	2
2	3806	16.9163342669246	42.8509452053086	1	0	2	2	36.1616747059005
3	1859	7.32845561495781	13.4775942669596	1	0	2	3	5.55534600085615
4	47223	1.80433568009208	2.01299736458847	1	0	2	4	21.0773557200868
1	38720	1.38483176137349	2.35232860714239	1	0	3	1	19.6211925563944
2	36135	9.26359799640731	12.4419594765077	1	0	3	2	96.8520689658261
3	2167	31.4334095512263	72.2398590782008	1	0	3	3	33.723128894356
4	1716	11.2496804421265	22.7493191718312	1	0	3	4	8.40964665195442
1	13882	5.65251546764662	5.68579001452364	1	0	4	1	2
2	4994	18.1888959143411	23.650438238214	1	0	4	2	2.97525022977338
3	5962	130.051934289123	270.549387267038	1	0	4	3	40.6325700953329
4	3883	103.280748100366	142.859232414739	1	0	4	4	13.9737017542483
1	14036	89.8537450565417	153.720245816634	1	0	5	1	5.41642311671106
2	11836	324.225272821254	479.894733503896	1	0	5	2	14.2590008039219
3	7733	1184.19377608346	1943.47988117234	1	0	5	3	37.7282110188652
4	2519	1550.96316839383	3867.69090224433	1	0	5	4	24.4578388701313
5	1210	280.467138200957	396.833820807649	1	0	5	5	2
