STRATO	N	M1	S1	COST	CENS	DOM1	X1	SOLUZ
1	713	0.000238527729213681	0.00185773304893441	1	0	1	1	2
2	5824	0.0114649949602596	0.0534236782841358	1	0	1	2	2
3	4064	0.160233137757959	0.327515000384688	1	0	1	3	8.09899287530702
4	1599	0.331468017454427	0.589766142418893	1	0	1	4	5.73818336874582
5	3859	1.03760408083621	1.45149402874977	1	0	1	5	34.0828696828491
6	2381	2.49544117765338	2.79437989649744	1	0	1	6	40.4847037392976
7	1779	4.65185138998546	4.98290526169459	1	0	1	7	53.9392247438078
8	995	12.9531900871646	6.76455889159744	1	0	1	8	40.9551654485006
9	2125	23.9212657179881	9.77300847605724	1	0	1	9	126.366900030102
