STRATO	N	M1	S1	COST	CENS	DOM1	X1	SOLUZ
1	29997	48.7004834060079	126.689549891788	1	0	1	1	30.5803583330769
2	27082	181.511535912235	317.50526446154	1	0	1	2	69.191957628007
3	12848	443.309252485308	665.558714315258	1	0	1	3	68.8090965778146
4	22979	734.395673216975	920.267183704834	1	0	1	4	170.164520584286
5	67430	250.202339105447	379.715635246834	1	0	1	5	206.03243418905
6	24981	226.514592481206	287.4966024022	1	0	1	6	57.7918357234361
7	3322	801.133641759305	1122.83327054046	1	0	1	7	30.0150350329444
8	43010	168.470820134117	275.699974467951	1	0	1	8	95.4179588938848
9	19503	483.951827101622	499.949529996164	1	0	1	9	78.4605844752591
