STRATO	N	M1	S1	COST	CENS	DOM1	X1	SOLUZ
1	10109	7.60901779067147	54.5895263437221	1	0	1	1	2
2	46145	432.774978896922	2332.64579937291	1	0	1	2	16.8406265742755
3	20801	2856.5064118837	8700.37612582581	1	0	1	3	28.3143788843199
4	10439	9676.62898450831	49255.2961829565	1	0	1	4	80.4445505724444
5	15411	1211.84749245113	14260.1892232954	1	0	1	5	34.3827734763144
6	37972	969.206713009233	4669.28289519291	1	0	1	6	27.7394889988652
7	65670	3494.53004586895	12914.7567065262	1	0	1	7	132.689953733304
8	2288	31452.9164687517	150951.217683305	1	0	1	8	54.0352839562237
9	42317	2788.693946486	8819.64813110864	1	0	1	9	58.391674206072
