STRATO	N	M1	S1	COST	CENS	DOM1	X1	SOLUZ
1	56551	32.6785233770939	92.2321108521201	1	0	1	1	6.69518234278125
2	59862	134.005185689998	336.262776696283	1	0	1	2	25.8386601480635
3	30712	490.586021598322	880.445740954338	1	0	1	3	34.709684682616
4	9515	620.9521544611	1508.33698271741	1	0	1	4	18.4224397361397
5	46288	218.785468679643	458.713530425665	1	0	1	5	27.2552355106013
6	22473	1224.78080045302	1996.12342250834	1	0	1	6	57.5822213689771
7	10813	2191.37638504659	3200.79129327793	1	0	1	7	44.4266465117635
8	9867	4019.43073410129	5384.37443588376	1	0	1	8	68.1962280116984
9	5071	6544.25184921178	8258.65969913434	1	0	1	9	53.7580063296721
