STRATO	N	M1	S1	COST	CENS	DOM1	X1	SOLUZ
1	2990	4.71709257091193	11.1409025405567	1	0	1	1	3.19212836912823
2	5402	37.9549036211256	76.697545946384	1	0	1	2	39.7031379365692
3	1181	106.119595917262	153.371487773972	1	0	1	3	17.3573456714222
4	2329	199.926854825382	229.333487877754	1	0	1	4	51.1830013531213
5	1942	249.645534454839	327.17543860376	1	0	1	5	60.8861766428716
6	1217	381.863093891477	359.780375068659	1	0	1	6	41.9581984672285
7	626	833.504095336812	1051.75417649574	1	0	1	7	63.0924457463747
8	3751	211.582689549724	380.079833368103	1	0	1	8	136.618865827389
9	3180	695.659211932515	722.665703064219	1	0	1	9	220.218270981136
