STRATO	N	M1	S1	COST	CENS	DOM1	X1	SOLUZ
1	10186	23.2986383766495	29.2392126447782	1	0	1	1	52.6563766779562
2	9603	14.2950183492613	18.1614567920058	1	0	1	2	30.834665167062
3	30899	31.4499920489151	36.4741726264076	1	0	1	3	199.256042185366
4	58377	7.77083642199977	10.4095845537614	1	0	1	4	107.437723152243
5	14663	16.8444591524867	25.7283941449012	1	0	1	5	66.698664928042
6	19085	32.5701949982717	51.715686508563	1	0	1	6	174.500262488224
7	9064	19.8832033106406	32.4653731015265	1	0	1	7	52.0261778516795
8	34760	3.61867527514155	7.27758137368364	1	0	1	8	44.7248058585984
9	64515	0.886486419363154	1.27357503615498	1	0	1	9	14.526696577858
