STRATO	N	M1	S1	COST	CENS	DOM1	X1	SOLUZ
1	29920	4.41680005265898	22.5912802717008	1	0	1	1	5.31327148925262
2	30371	13.5371516369689	67.2544281891521	1	0	1	2	16.0560810221474
3	95502	41.9419990645709	197.853548290845	1	0	1	3	148.530582612464
4	11011	89.3613926830963	359.718732488073	1	0	1	4	31.1350373995138
5	1804	1488.38722371803	4610.6563586826	1	0	1	5	65.3820995371174
6	24035	267.562742035405	546.089333360754	1	0	1	6	103.173317358079
7	22462	97.9208443521948	287.745918798965	1	0	1	7	50.8062534215344
8	22363	774.225809228962	1186.27894238187	1	0	1	8	208.533801217243
9	13684	74.3904597997932	173.457460488443	1	0	1	9	18.6580229933961
