STRATO	N	M1	S1	COST	CENS	DOM1	X1	SOLUZ
1	36960	353.633816078005	1862.34175212895	1	0	1	1	2
2	26785	950.159527424696	3741.19157916413	1	0	1	2	2.89161383712941
3	8866	4241.59711111137	10483.0192592483	1	0	1	3	2.68196314814603
4	6941	7437.86256632396	26257.3094829268	1	0	1	4	5.25909435710827
5	5984	25889.0363096017	111245.901426797	1	0	1	5	19.2094221045787
6	59290	1716.91025857361	7104.75392598529	1	0	1	6	12.1553980866932
7	10318	10231.8852553356	23663.5801159024	1	0	1	7	7.04554624149031
8	86724	2206.35571935063	5716.63788304511	1	0	1	8	14.3060151020236
9	4741	5497.13591680931	17242.2933978752	1	0	1	9	2.35886823217944
