STRATO	N	M1	S1	COST	CENS	DOM1	X1	SOLUZ
1	759	2404.21933953683	1605.052495698	1	0	1	1	4.56447215200954
2	6446	1733.43445232461	1320.29941610693	1	0	1	2	31.8876325608444
3	9086	925.303024090234	839.420070345501	1	0	1	3	28.5766704170874
4	7898	2132.57769845389	1868.71645888541	1	0	1	4	55.299357409797
5	26521	335.707528605232	567.316743480107	1	0	1	5	56.3735054829137
1	1606	1227.92177003647	1759.56417581445	1	0	2	1	15.2958493876765
2	15246	615.617880973909	598.235326326518	1	0	2	2	49.3686119499102
3	26730	47.9503653951288	240.093239774383	1	0	2	3	34.7377621394477
4	12067	590.807901874493	1442.550922286	1	0	2	4	94.222237206907
1	12012	641.07444126786	1171.93172662782	1	0	3	1	59.8339851929647
2	16005	1369.87453113682	1596.0118926282	1	0	3	2	108.573064501149
3	21692	171.088139581645	660.82323912372	1	0	3	3	60.9277580263816
4	29029	34.1563900381116	99.8999287503735	1	0	3	4	12.3261528333024
1	286	420.052947062552	513.791594156148	1	0	4	1	5.12272119770364
2	1859	147.25067437055	135.336054510167	1	0	4	2	8.77082797849364
3	2838	48.6704695987415	61.4794772985534	1	0	4	3	6.082613897577
4	23738	4.91047364379447	11.5800977474068	1	0	4	4	9.58305637689198
1	7799	49.0169329303181	67.5943257463251	1	0	5	1	5.32888943938793
2	6215	421.945130740954	796.088834940494	1	0	5	2	50.0138417031546
3	7733	24.7704471166722	121.286546078835	1	0	5	3	9.48086992128315
4	15587	4.82226663487164	33.8308971566624	1	0	5	4	5.3304466313827
