STRATO	N	M1	M2	M3	M4	M5	M6	M7	M8	M9	M10	M11	M12	M13	M14	M15	S1	S2	S3	S4	S5	S6	S7	S8	S9	S10	S11	S12	S13	S14	S15	COST	CENS	DOM1	X1	SOLUZ
1	142	1.96577941000702	4.05745345703698	22.2804056538742	0.00479196895548888	1.02132579671173	32.7249911025415	58.7061932196244	41.4456021051975	3.45537273788113	0.000180809451161396	0.000782035197265367	0.000000363086761051947	0.863487588531534	0.00753963108229167	0.00000285894111807489	3.20300777774842	10.6869023447762	13.6369583121777	0.0133888663037806	3.69823280131099	6.01938084346617	18.5415060916626	54.6524837254757	10.6015138238617	0.000348583496778804	0.00396917253361102	0.000000915018881698858	2.91633419267989	0.0232194886983338	0.00000503476254382098	1	0	1	1	5.48918932041372
10	3098	86.7320308947599	10.8785106193415	7.37112083033413	5.68992106862571	5.82342432726924	13.1452410216027	0.62622786210792	0.141901003394138	0.0288510595785471	3.62369233179643	58.2874703382981	1.78046729058407	1.86616277957108	3.84657688000999	1.99541949893597	58.233172688676	13.2058385999788	5.06863242448713	5.39699682575146	6.46788850376849	9.57743833623517	2.99649674602346	1.02627934680091	0.258402681091765	3.3570718427989	83.1818196011714	1.33091800908974	3.38538575403889	6.38833185271723	3.01632167772794	1	0	1	10	46.4600426521223
11	2229	69.5966549086429	8.35208021932874	2.21315195715335	5.80703662237294	6.91559589878911	6.26614916252663	0.139327203908023	0.00337076613342647	0.0207216010758903	6.7462160157215	29.5733676863015	1.75536175664174	0.221982659687882	0.996950453524952	2.78831955262167	36.7876580138667	8.73472208469112	2.06017173136775	6.44462619230741	6.57165085107952	4.52749477527084	1.07292468509409	0.0235134793770775	0.156997592422896	7.0833463362951	66.1405208182064	1.3557371775513	0.638359529522384	1.92647824981195	3.43126318694185	1	0	1	11	23.3459455967538
12	1208	29.0445802657292	16.943592641368	2.27436679424886	6.16517144644122	0.61731743582936	4.71521464245779	0.00388215595325213	0.00457383987659863	0.0000377382992984337	4.58086811111518	92.307638313014	5.96762851643792	0.451640818199537	0.807660996104456	16.9852831929735	20.8251959134453	21.7525231160588	1.963923784431	5.46892859508201	1.70649498691458	2.39548355580858	0.0104801478924072	0.0204420933925264	0.000957858877566643	5.82953340715007	90.6524546504656	2.76281789749873	0.732873145460075	1.74716485217514	6.70845411534485	1	0	1	12	16.3168682868188
13	1254	16.0862071078234	13.3802656676301	0.474235581739539	3.53496635433616	0.259819744997005	1.73724878652545	0.000911660156209798	0.000044033940643625	0.0000983515689810099	6.90616631861246	22.0892613832388	11.1027319690419	0.0508746586130456	0.228829366386404	24.6908643204858	15.573383999817	20.1948700773198	0.921149688898727	3.84288690796438	1.33287563090329	1.85345192204939	0.0102263568850508	0.000278996325942273	0.00217735602509752	8.52807652620755	25.3150047479891	4.89920689123093	0.266333769612178	1.20346637459756	8.40079257441148	1	0	1	13	7.867933819485
14	1807	38.3202945508885	4.40191215096327	3.71666304885555	2.06650621184482	1.85223496703579	10.4412196124185	0.347770856924746	0.0270730430495391	0.020042090089561	2.89719621819565	21.5161583787063	1.8871660342171	0.286755973758191	2.47607261720568	2.62573191073876	21.3855847961284	3.16127296696912	2.60929441830627	2.08020875259494	2.32598725302059	6.39879681945037	1.27880261572188	0.227203129848912	0.160260181751298	5.0789862770561	38.9850940959581	3.06518545150334	0.586177044241231	4.33258468229681	5.72336479938592	1	0	1	14	11.8096968761562
15	2099	38.3918589220094	10.0139067675457	5.48314981080994	5.14429694636009	0.989487900335033	11.998831368303	5.54077554211145	0.658311698225399	0.00456572133597126	4.37084497779368	62.9031537637194	1.82714905588508	0.0934871586589776	0.975417049276326	5.84849606577979	32.6858333103662	10.8549846761898	4.04884162616943	4.62760135861981	2.69437245750696	10.728216559979	12.5725667138727	2.13142152110074	0.0456042312097517	6.86044567560622	104.596456650018	3.55756786140102	0.181628192555695	1.79538467383369	8.81329599413018	1	0	1	15	32.4376651418019
2	235	3.10272513631286	6.04676961376305	16.4499926268485	0.00573161886020234	6.48652556172268	27.9175213362775	31.2858902915287	45.3504404906626	71.033027140454	0.000232359932432555	0.000120293178109743	0.000000750891441887519	0.115677106851933	0.00179343834467215	0.00000133008895930629	5.29577255058961	9.35610620422251	14.5387658217817	0.0186724584737204	12.769169158907	6.5568482774297	20.4780381883357	32.1479930964589	80.6279732226464	0.000678646724874772	0.000596673991479875	0.00000290201415977004	0.343797801083581	0.00619779706512286	0.00000904064360107201	1	0	1	2	67.7068125107009
3	138	7.03808263017885	6.62785687999501	28.0382605481825	0.0105349928879371	6.71343929280502	37.906886513829	44.2263289824836	41.7903589760855	32.721799309823	0.000620194042387003	0.000386533153587022	0.00000197901776915024	0.140715237933818	0.00420168337061247	0.00000122438085468741	9.48604397520625	10.6083564807256	16.7941741701733	0.029111182015547	9.66846332509886	9.52003369889346	19.8435334855059	18.3837364084307	35.346375635896	0.0012118399964969	0.00192213380809693	0.0000043459139518164	0.449620782203979	0.0104527475685661	0.00000520338577611797	1	0	1	3	17.4308969112881
4	459	14.9204970572446	10.0994327625057	24.4664674119342	0.0711498059775195	9.31631850109031	32.5503398489167	40.7630287845966	20.9899433920655	9.91753190401769	0.00741336211456593	0.00332234224190674	0.0000161474673508125	0.540652758769823	0.0293632927611856	0.00000603060767600137	22.868962741012	15.0282635734548	14.0219872775621	0.154780740202316	15.7969088691879	6.03635730867263	26.8834009068086	15.5245046668436	13.8574597145657	0.0234032402148603	0.0248263141351784	0.0000281572104981263	2.1238004832249	0.112484407179459	0.000030383839287762	1	0	1	4	22.8736230513722
5	4420	67.5490206202681	28.5209002365517	15.8821846866341	4.04280746132102	13.2357612576928	17.1747227113011	4.60291997676136	2.74257719863507	0.496996493053489	0.549724731441407	15.3255922800899	0.375754037259258	4.49403507462623	2.07313519940857	0.243273847258379	46.4610189877879	41.8961185113236	10.6716479062202	5.07507550634242	15.997570409704	6.69045339833373	6.49575260521447	5.91222216190524	2.77165309220692	1.0641980578142	34.9571259803086	0.43693236206747	9.97452724769727	4.06732579823086	0.633292608264101	1	0	1	5	126.229786449973
6	326	56.9046137053611	7.51939920776443	11.1311370129479	5.83216104487973	6.30781782465772	19.3457043671914	7.38966355504006	1.63631430588498	0.212689255511108	1.26529902168216	33.6486978343087	0.256077312691963	24.594342106462	12.000621500448	0.158883637673168	37.7262783158318	8.51097431331627	4.79803891554482	7.85180373646242	6.27695456805459	8.12100307116531	13.5924337384998	3.46844162440112	0.858700195797841	1.36338196737378	70.025387784221	0.321197829923605	62.4939557071933	27.0521591616956	0.520045083342206	1	0	1	6	53.8510224414884
7	1129	94.6802551200374	34.2612703410043	16.3360541869843	8.27736909086252	16.1803315179108	22.0638569636787	5.20024800103653	2.27034988148479	0.249038702178205	1.95951052329932	46.9707936730274	0.293752232772575	4.9827164909787	3.80256896439722	0.175186753816653	71.5057206308645	43.9180916168118	8.31253993571668	8.53654496966868	17.0907731540523	9.21793075045091	9.00272092762968	4.70329165513485	1.13256621654257	2.66125173719142	129.087613628892	0.421099393323548	6.91825156641493	5.27206780168354	0.602138332699625	1	0	1	7	29.6524432567399
8	2600	100.251571683727	22.0177830676377	16.2526204766235	3.48772983078275	18.684849089006	23.2670410405036	8.30335930995912	6.80310868230511	5.30267823138532	0.963995313548729	13.6968821217462	0.379490743780571	3.11193334709931	1.29197721891376	0.115970077375496	98.2131731190512	44.397702323168	9.95988573446919	5.96824880208159	25.9476624276431	9.04914044551389	13.4864917758274	17.718186419382	16.0920134946404	1.16510054910481	42.8531544377812	0.610090629788634	8.42268303955942	2.52696419781553	0.535897691298866	1	0	1	8	161.07249958611
9	2195	117.682278953837	16.6475697655586	21.5089467278875	5.03777842695953	7.8602574465129	23.8951816043336	4.48938735196879	1.05757737283016	0.162587808693076	2.05625544527718	59.5773877501485	0.672454195566633	2.84671512264853	2.74484617880291	0.303442010034956	87.5378065985432	22.2737967865214	14.3564686089812	5.25603960440332	10.0967753505327	11.8034971222029	8.68452932977591	3.62263221661051	1.07736468491234	2.4205602799978	110.815204958673	0.753372673738002	4.76486471133527	4.70937634387122	0.977707856875524	1	0	1	9	45.1911552745413
