STRATO	N	M1	S1	COST	CENS	DOM1	X1	SOLUZ
1	56881	60.3914715319943	215.463734083887	1	0	1	1	41.251418462862
2	8668	136.420003871231	630.987897461211	1	0	1	2	18.4093058776472
3	3916	1030.85507997137	4025.93197154705	1	0	1	3	53.0648079643649
4	10340	54.7161950743272	242.07816317538	1	0	1	4	8.4250722873606
5	7480	335.232348826902	1767.66208035969	1	0	1	5	44.5039260349549
6	33110	32.8968478843637	144.851523399875	1	0	1	6	16.1428320897382
7	26807	86.6819115543027	295.649146247937	1	0	1	7	26.6760992911774
8	21846	397.997067509783	1482.54344698527	1	0	1	8	109.012635804006
9	82104	64.3323671712188	214.319026492132	1	0	1	9	59.2273805435276
