STRATO	N	M1	M2	M3	M4	M5	M6	M7	M8	M9	M10	M11	M12	M13	M14	M15	S1	S2	S3	S4	S5	S6	S7	S8	S9	S10	S11	S12	S13	S14	S15	COST	CENS	DOM1	X1	SOLUZ
1	69	10.2751130065935	14.5472200100069	28.024309315951	0.288194928414529	0.0830475759477639	22.7120440495216	21.7704650741642	14.4930167411326	0.000353528362085868	0.00455707749846808	21.3183663632984	0.0690701142849152	12.2895647154141	1.59318969280543	0.0206606638441391	6.36499425847134	15.4289814201172	10.9905602496227	0.425009251953782	0.0831584063511872	9.16523727088883	33.1805978339668	22.334645090275	0.00154744592432061	0.00862775122482292	34.9367942820589	0.0820736474029752	11.7856818707644	1.47050537237389	0.0446075988229831	1	0	1	1	2.13962673259833
10	896	65.5728024228828	8.72319030529837	12.6622807185742	2.93018723112403	11.5684131051063	19.5237432789451	4.47247332645925	1.14697724221081	1.41675353507597	0.752513698649756	12.0247742925493	0.426263793805733	5.68107182501632	4.40866891562443	0.287925195957626	71.0750780997727	23.4804818034163	17.6759990518123	4.91741564841809	20.9305850516937	14.6915496167087	9.14293191822084	3.57042192227128	6.44597814783065	1.75684501954795	43.3523605921129	0.637677183598422	16.8710151597192	13.136873732254	1.31534180642658	1	0	1	10	31.8631722871674
11	639	61.9070932683898	8.84210538442829	10.2160803735845	7.33334513925107	6.41275766811126	17.0247585146146	5.0324731000284	1.08606094700436	0.208959252023945	1.98374307719405	38.5201075719051	0.463646927468139	15.1890952789192	8.32440688200787	0.518129675262824	50.914856380489	26.2862838632098	9.9366631826658	9.07949203182564	6.69315218032108	11.2008225561413	11.4572745841996	2.96857737157132	1.2865273194008	2.51820244822854	117.776557637559	0.645970358316814	70.4782331974843	32.7317174969516	1.75923670978909	1	0	1	11	82.1081665494576
12	1723	96.2593200004505	29.8258933348265	12.7535610682943	7.61713467001334	13.7836146486423	16.5947383967472	2.70669651643425	1.05215936843514	0.138879864684803	2.35158667295179	47.3431859495844	0.897626222405026	3.00473714480786	2.4305064191068	0.576909139153771	90.8572333803302	98.078201893814	14.9349659759748	8.39019711439971	16.6037824021156	12.8105582456797	7.26180786751137	3.12446977673359	1.05727104517032	3.05055954373761	200.845941933725	1.08414836533536	9.00397648907366	7.88039167078527	2.13104998446512	1	0	1	12	41.4160671503778
13	3125	104.008380855102	21.1695258495799	15.9913021882778	3.5262716694467	17.8329690868221	22.604988964266	7.66460460633729	6.02350184509737	4.42665114560612	1.15895334432835	17.8132843134362	0.57835645937616	2.95337826675659	1.32553891728367	0.368668283392093	149.270104241488	62.194057683386	20.1608409934972	6.26165609886229	27.9103633592908	15.619547128195	13.6170926636308	17.5739346678409	16.7580517603011	1.88710245487983	89.5616210409687	1.10081781668386	16.0608415564229	5.20578983023793	2.0773181168948	1	0	1	13	150.200603744629
14	774	69.7010290436926	21.5430170553885	16.0124263911078	4.91421251190721	5.34436918915976	18.8904843047421	4.7132352694041	1.28244450015988	0.113707077313307	1.32306480333851	55.9342845510835	2.18067868867699	1.75130787187315	1.03411081238553	6.71005443557264	92.7100463441343	53.642540294616	24.7987282600137	6.07579761064837	10.9169143906089	19.0034291360956	9.84810358847318	3.79423205905419	0.729891778471445	1.96625818381104	119.492147606717	3.02271515923873	6.54047129391444	3.40045299758182	9.23750455745406	1	0	1	14	12.3083592456487
15	1084	18.0022033476603	20.4837762764129	1.29009367976607	4.64589348007882	0.417068251320983	2.58744742581061	0.150676021288298	0.0341917393347255	0.0000412954746089457	3.77374037863081	36.1759750941715	9.84647518837888	0.106887242523208	0.0659130197719893	25.2921685001989	34.0738195401397	48.5607659617438	5.25350750894302	5.31595354112601	2.49326479966766	4.69095499202368	1.38997664729252	0.374659221624277	0.00121948422197712	4.68350967159534	61.0930042644473	6.43291202675007	0.81177589844015	0.270280704420556	10.621457852296	1	0	1	15	10.1648189950067
16	3646	92.1760274889021	9.67867223055122	12.1524566524408	5.30785114070719	4.27815924419003	17.2180965288666	1.78215166441771	0.337807517338059	0.0964224066298235	3.64872660564888	69.4405606010618	2.17062067563078	2.44032306586769	4.23708219270924	3.54348383871723	131.619582794791	22.5641973510871	28.0321418370897	5.48656740136782	5.89280028196572	19.023843295135	5.36199329295796	1.5882444307669	0.967763610405727	4.53762271226146	207.51997482024	3.27295910347186	8.4329173548352	13.6263730706239	6.87520539633072	1	0	1	16	92.5382955093782
17	2329	63.355354382718	7.01997619559872	1.57998123072789	5.18961856019703	5.82163942661034	5.45852211355319	0.150384331395802	0.00191413830972929	0.0187472167110204	8.34754788721178	22.5980828879198	3.6491565303065	0.141433862221699	0.726696838920897	6.15612384949348	54.5481470662821	13.842223965132	2.1749708530507	6.55090849145657	7.74625710160409	5.44824658324904	1.19385824446345	0.020753420834025	0.199640167812613	9.69512622112721	59.3387923090297	5.46034291205525	0.63006577470076	1.78871306265269	9.08877511106955	1	0	1	17	21.384350275541
18	1750	37.98887800336	4.22638347782388	3.14036532553325	2.82338661975147	2.34407170412856	9.07413083438309	0.230278668403637	0.0270155681930199	0.0216277217038778	4.01973365654554	40.1410160714251	1.7723655842785	0.396500022707665	3.11244562814316	3.05713293165357	30.4183877665133	4.52512940418391	3.70264249859531	3.31888450363495	3.269933530221	7.97666986351149	0.975689404407767	0.246613122302685	0.183655061524603	7.5301385172094	128.982862110968	2.67346154121102	1.37925811936093	12.9744910886192	5.33801677443603	1	0	1	18	30.4386291410655
19	2666	39.4926837327035	8.97822860309683	5.21879923537805	4.45307246382295	1.12059416650363	11.8053948137996	4.45000383934337	0.519094722362487	0.00399834723176699	3.8607491220321	52.9841693209594	1.71933742727018	0.0985633082686684	0.973267852479403	4.87790701736458	40.0494716241894	15.354611638926	5.04344350762796	4.5860923015356	2.70843263443582	11.4840383755315	11.5427225673957	1.98975340557123	0.0624052961021512	6.50691910978002	121.313992081711	3.26515201597219	0.266395657515024	2.4535006219769	8.16660705072263	1	0	1	19	26.5154809980413
2	206	15.2888618646151	24.6199059974032	14.4550646845092	1.1886873797279	1.74925724381201	16.6250467392253	15.6334084487989	6.16364990806029	0.0222128589581505	0.0168572925477724	18.4646053372528	0.0998175042517429	3.20491032054605	0.687703293439192	0.0463482531063079	12.1966146039125	40.6331873153498	8.8883021473557	1.33403024231141	2.06199635154015	8.98877806860287	19.8613336079976	7.07225647803213	0.0885741472432122	0.025725248671956	52.0825702755071	0.13253711260898	6.86826227903342	1.52638005249589	0.102412821696136	1	0	1	2	3.07776803948941
3	823	31.1453969831071	26.664924052141	16.5216287668502	2.29706760462101	3.54747657039863	16.9467430415082	11.2084388979844	4.866638607462	0.0145857615485823	0.0433064536902699	20.5862632909831	0.35349005724476	1.70312500878408	0.564727853730341	0.663477120122059	24.1146585856796	49.5020354817068	14.8597841427859	2.7263612575773	4.02506506570725	10.2980796882881	18.6982716021241	8.74106942530822	0.143002040436925	0.0680013855431497	70.2471260470317	0.482514955827106	3.73551392539584	1.44927764996329	1.4193096424123	1	0	1	3	10.5716293530998
4	356	50.0402210211603	103.183785360602	20.5084190811908	4.14937493188021	17.0000662411385	15.4250982640037	4.03589866297823	5.45422979016869	0.326983410010749	0.0726465433304447	21.5285715542193	0.30685557826141	4.22007069575409	1.16203238066574	0.39065449794861	25.5067603801457	191.566740753104	20.5606609330065	3.99041008555649	14.9342382082143	7.6423055052508	5.91554445990203	9.67779703062724	1.85478348994004	0.103814976955157	81.922529003232	0.430991773599031	18.6172631346975	5.45964583509598	1.42747876348619	1	0	1	4	13.8306791305207
5	170	58.0869047569899	75.7881261255793	22.4908652878053	5.9750293294573	16.8709241515552	16.9013686252573	3.98853031525451	9.57496578253243	0.785333493422126	0.134898797810503	10.3052479914396	0.246064436275181	12.4695220297297	4.38612419604914	0.0671275114723319	23.6329704279286	139.110710494847	23.0751136174576	5.01266926710028	11.6080623695208	10.8668856103068	6.20981325016488	25.4699139678414	4.37855139452319	0.155103292399604	39.3624472494245	0.251490694914083	95.8985655337916	33.9735094883397	0.363593434724969	1	0	1	5	29.6106751512027
6	400	37.6661083633843	40.941422305597	26.2761544207048	1.42726514669423	18.8420105387719	23.0796487142249	18.834961567658	27.4201541462404	6.46022980134422	0.0863232814983086	5.98166832683433	0.181274865981334	2.05680935706586	0.525076618380874	0.279778231805921	40.507702532554	90.6187092232156	27.2648801700955	2.10851740923614	23.334127807954	15.4864720212002	22.5091419936607	48.589627300209	17.7366041186851	0.25637744570775	36.0299656709919	0.478917984711016	9.87540759049518	3.20756992338197	1.40808186474319	1	0	1	6	25.6455049135339
7	558	67.4696259866279	9.13412846090248	10.4176402781079	3.3959626615199	14.7184734814042	17.7569161045622	7.4475069891722	12.421838017417	30.4377128302607	0.353792426194381	16.6155805374617	0.316971116263317	2.93253439540102	1.06530165243205	0.257027698647063	75.2386448724656	14.2431010980602	9.37256112253267	4.05434574656213	19.3778834254687	8.54017395492676	10.0244406994928	21.5117278287394	73.1909960806313	0.493902737933882	64.5416790244607	0.515537930976353	9.15084403903365	2.66165634743856	1.11649011590093	1	0	1	7	82.2888924432479
8	789	79.9835034214924	22.476239388703	23.5948724368012	5.27460182984512	18.1003014266788	24.1599572524961	14.6783949234909	10.8001633469524	6.17454567938229	0.656560939365325	13.9276137028648	0.502572438126546	1.53011887829687	0.751625977510477	0.542862866394953	89.57142933702	47.7923260856073	27.313323645549	7.28775545061854	26.7006828193793	17.6558626746103	21.6265574897078	19.1989178369978	24.6960810807124	1.30702628501129	49.7418700685695	0.779623833429772	4.86694900802277	2.68353834484385	1.87104421566172	1	0	1	8	42.4012143076106
9	1336	67.1155063912147	12.996557311325	13.1909089046809	4.81947245733364	10.831817104913	18.4810293247749	12.7149811436908	5.04166206547634	1.80383677857251	0.976662880136334	20.9609709703612	0.553212293798417	3.59881663386124	1.32064718807786	0.63054947063848	75.600140208248	36.4322516566082	18.4880689445083	6.69850956840177	14.1210150601041	13.3020376361861	24.2111439920592	10.6042923768325	7.66976799706739	1.64519113849742	74.9509528684781	0.788745672542416	10.7380075382082	3.43661814797524	1.78208214968266	1	0	1	9	36.5818113628324
