STRATO	N	M1	S1	COST	CENS	DOM1	X1	SOLUZ
1	26653	11.0663540452868	6.218486951239	1	0	1	1	2
2	21384	32.2514925302189	23.110311335066	1	0	1	2	3.17466911204013
3	24112	107.465931841228	55.5123593788453	1	0	1	3	8.59857820574115
4	26477	159.483078612056	96.462500936615	1	0	1	4	16.4070694900621
5	50226	159.180729116687	142.74999459316	1	0	1	5	46.0583544205213
6	26686	274.353776055141	177.746954599142	1	0	1	6	30.4711871685834
7	41063	132.566400054645	59.1349589047836	1	0	1	7	15.599069714898
8	14080	62.8326987792061	35.2572533729212	1	0	1	8	3.18900247326806
9	15928	53.0907337388066	46.0956924263363	1	0	1	9	4.7165594699637
