STRATO	N	M1	M2	M3	M4	M5	M6	M7	M8	M9	M10	M11	M12	M13	M14	M15	S1	S2	S3	S4	S5	S6	S7	S8	S9	S10	S11	S12	S13	S14	S15	COST	CENS	DOM1	X1	SOLUZ
1	108	1.12380997203873	2.22232153430248	19.392277091512	0.00133513354773053	0.602099727624069	32.4886087991651	62.5766155393879	31.387258992281	1.9926433716448	0.000113499738555328	0.0000285733417641475	0.0000000626394363647359	0.179278802003202	0.00135822536991065	0.00000216183600732704	1.94606756911117	5.58387592896738	11.2593296110119	0.00316950729547041	2.62116304171447	6.06308008206721	18.3203874109561	30.1112556755123	8.58967464607897	0.000237789850980812	0.0000682358685023386	0.000000137617058425781	0.423800045417636	0.00230948838007704	0.00000409561268754497	1	0	1	1	2
10	1509	84.3640818650243	20.92799482449	11.3430240982534	6.38516952246023	10.7338114602623	15.2995297602523	3.19418115035809	2.72354971241735	0.418790432242417	2.23715537869801	41.2617065306139	1.16424859055692	2.08071102972708	1.61966598692	1.12835857815893	65.6941786134533	22.1716700892251	7.43547155814966	6.50097194698228	11.4085150829203	9.74399768776699	7.30958418462115	9.4648136404808	1.72869308444854	2.17247094635556	112.384021782646	0.893497737919234	5.00044519324878	3.43877265837386	2.39394133840408	1	0	1	10	13.0167127099315
11	1300	92.4526860111235	14.5371993245164	10.9772582696703	3.9356476233263	17.2427112756485	18.3623258975104	6.11594393812309	3.62297188403361	5.02917788140405	1.28478328800248	22.1193816623355	0.904325004365022	2.71181754367402	1.30740994224629	0.715497825912913	91.5200169727406	17.9784873334694	6.80515700050931	6.2512961243632	21.6631116025833	8.84253245186508	11.893585391596	9.11239419292204	13.6746659989434	1.41115014536083	65.7488726725151	1.12219671329956	7.38368905645265	2.89406577187171	2.40315325539831	1	0	1	11	22.363038501512
12	515	123.888581228176	21.3211759426881	12.6676227261891	4.13514731803394	19.3626419672863	18.9100918075266	4.30900335916486	3.9146118124798	4.81461439430644	1.49564475541624	19.9427565490126	0.812878425757926	1.89106069819252	0.672251400960648	1.286406731355	89.9357085963299	40.8204626613481	7.34177870403603	6.27936320362867	20.9799514983541	8.92319706240821	8.37761405094077	14.3141302322833	17.8402231410763	1.34141568499234	68.1414210267587	1.17046662441769	6.76378183338154	1.02205842179108	3.98258741097062	1	0	1	12	11.8942606502118
13	687	120.606244377173	36.0219370190572	18.7077694233556	4.16102741373816	20.3371734522443	23.8313470078173	7.65979958146582	8.79896305357022	5.57311758482197	1.23502001051083	29.2397896984534	0.611473556099955	3.51497011733017	1.43430578119703	0.763458142512566	109.120434311145	69.0996815652878	11.2130053690256	5.88379307420236	32.3920801458183	9.21316000913621	14.3720239251748	24.5845560047309	19.2718492890468	1.50466406178726	84.0084912129141	0.961006627089989	8.97558465866376	2.03377566374203	3.07622910642247	1	0	1	13	19.8177270125002
14	1155	76.2397495718474	23.070571007278	18.8727648692768	3.78420648168601	8.34791980411371	21.7596605013129	6.81541891881866	3.02661579618011	0.435707798427285	1.02500628304632	42.3387015892599	1.63379436563072	2.0931016788889	1.06281721230303	4.85932757051724	73.1576322708564	30.7779964084483	13.1073833089567	4.78024162106697	17.4835072550438	12.6909581094122	13.0296996189814	10.1689015466915	3.4646513291517	1.42230327354035	75.4074765319886	2.47784140759907	5.84783848203656	1.68080444400363	8.19365614704094	1	0	1	14	11.4891078899285
15	4009	92.7248646589942	10.0317210723124	11.8895701537846	5.19135640499816	4.54146033051792	17.0904173005838	1.8067380630321	0.338705624084532	0.0931792088627532	3.54681788242614	68.4713353762618	1.80607594915395	2.32319950049977	4.02102760065378	2.82727417299676	74.6206768308369	13.032998860973	12.9596593065853	4.83380267228594	5.40553773254051	12.5610307189491	5.11882906394483	1.46848298442521	0.806543086070127	3.66385434629519	84.0361598070257	2.051690726451	3.92599573096852	6.39994750903501	5.40443277847566	1	0	1	15	23.0729062524642
16	1369	27.5282622645489	12.8808960937386	0.86366720011006	3.97824831488809	1.31658364124926	3.08905894551957	0.0234407252558691	0.000293615140499159	0.000308277902489375	4.31092252006171	29.2467799052743	8.4145751133525	0.0379992422459925	0.159530271001854	19.8033094604647	29.1643392329463	18.4114180759065	1.08411296990364	4.21682467805695	3.19864114721016	2.66917857346546	0.0974972976913197	0.00562148807463632	0.00600091434066633	3.60048035547482	30.1734428726198	5.14181779345084	0.0716144140819266	0.385805253092208	11.5103876719454	1	0	1	16	5.3192799793084
17	776	80.8312812967614	10.597943179038	1.555200444119	8.24684527671572	10.1074378653073	4.86302112482875	0.204171345280308	0.00198981030099616	0.0517973497301745	9.93400520508303	13.9940301135747	2.47161507411117	0.0685808019958544	0.417888668519926	4.07866049843683	35.5529609532286	10.3289259343176	1.37091236565645	8.83382922949962	7.57662428718003	4.44280720781611	1.56445498947875	0.0156293259248759	0.259421988552801	9.93168324803529	26.8260882178889	3.73214167113744	0.206807411619372	0.564769526083661	6.97351927642197	1	0	1	17	2.98394527213097
18	376	27.7881860925788	11.8965116146966	0.860323166925977	4.23380910927459	1.33397812762228	3.69341299634578	0.0687208624902695	0.00129077773440974	0.00758363024023244	10.0132031033366	14.007965771631	10.4522461101618	0.0986789983620648	0.509665335783439	19.948690091651	30.924204343194	21.2480243824952	1.26869728356543	5.2345439879518	3.06586631032695	5.69417759437724	0.399774521874875	0.00705648082049307	0.0568371204357929	10.6034066962156	22.7541724171642	7.40606840575774	0.207674382748553	1.04499490033752	13.8192633746719	1	0	1	18	2.01662737473749
19	2275	40.8898735071337	4.3346142789044	2.59459175588385	3.10476453944088	2.55002373417007	7.71267207536309	0.168609157229583	0.0207769581574257	0.016675088759112	5.30784575133145	36.0381716610174	2.29623790667447	0.331186609506088	2.55744039187612	4.36962716645924	25.2567088479725	2.38661920427825	2.29956196955961	3.01061653528567	3.12457478880932	5.86412558970919	0.790553466858165	0.202551468035685	0.143354013992771	7.31062734479794	68.1836979505208	2.83565027114302	0.676729592647655	4.33902749352003	6.30882726271822	1	0	1	19	8.95473265137404
2	259	2.05013184002524	4.79950336487203	15.5018165455694	0.00134656326560644	5.41152035015321	28.1172858611581	31.5898926217418	49.2992826495943	70.7566752055254	0.000120609816671217	0.000169459405480902	0.0000000904142057315878	0.267118584979829	0.00181236026426123	0.000000204669712577832	3.88905422886747	7.72152685171028	13.7025829662302	0.00425115710141906	11.5606338117507	6.28411318572118	20.649220929219	43.1522967237224	77.4847979001173	0.000282444418517155	0.00138974610945433	0.000000270929346578912	1.73765667831041	0.0113466412282279	0.00000145623821319889	1	0	1	2	23.0205176621305
20	2702	39.3244257245391	8.92258170441303	5.21458930186131	4.42329649644338	1.11842987199186	11.8312185906179	4.40125721558054	0.512207566525596	0.00394586606298412	3.88666945490035	52.4645536532403	1.75195589262742	0.100724770226449	0.993826831186334	4.91139954882255	30.4559096621054	9.83370865581024	3.82985121443887	4.31698281411512	2.47322795468022	9.94287403425882	11.3092121877307	1.89829625673219	0.0404913317885099	6.10304646198116	94.4390614857841	3.14461903357646	0.1777697071571	1.65713828393012	7.95309031879276	1	0	1	20	12.2174376240319
3	376	10.724837997695	8.63366229398887	28.5634295673597	0.0329533110651463	7.47381235926731	35.782159437902	51.0604791816882	30.8786393792459	13.4450553876583	0.00338100923151708	0.000699412174728509	0.00000472959008718639	0.40039050220132	0.010329458870345	0.00000297093460385059	16.9245875884056	13.4985280952168	15.1145696114211	0.0876156048846717	12.8733469854917	7.22540351151345	26.2001098591383	22.5911945263698	21.997559462583	0.0124147203559738	0.00281336638983231	0.00000938490499880606	1.37206054406526	0.0194918633979199	0.0000131507135989269	1	0	1	3	10.1784169858036
4	554	35.1197555163236	18.8122154871222	27.3761013638398	0.273972423525664	17.5683624877952	28.9565002188583	22.6421022408942	14.9678795027653	6.8809548548535	0.0231469978463813	0.0497648832652961	0.00026069294679171	1.73812334620952	0.141353016726269	0.0000459943531354509	33.1152424356309	20.5312745504387	13.7857851237488	0.313609818294701	21.6083396237429	5.4651701379625	10.3489600018959	14.3514800315331	11.3199821857427	0.0499490026928642	0.199540071125303	0.000356631834587396	4.40344511946465	0.37356423486949	0.000141987994339533	1	0	1	4	8.46884445464887
5	2926	62.6270364437321	33.6045495661645	16.9250187873758	3.22026561118652	13.0176736412443	17.8609198535969	4.42143354260388	2.60589032708613	0.31805326441714	0.300919754383	12.3146628777579	0.2208989688724	5.26692388715287	2.22915770525359	0.0728972586068221	42.8996997141816	48.6349771764548	10.0810868446429	3.79565592256276	15.7167327593622	5.98858324142021	5.29145422589652	4.39007208130215	1.94456726473078	0.630362919994361	27.8991496486879	0.226166228046341	11.3204429160217	4.28087184307534	0.150525102399129	1	0	1	5	36.894989631043
6	376	47.0102342094646	6.22322478526615	12.4324521370055	3.47996192161826	5.73145294764451	21.6849209369565	8.63068684576744	1.86363324494609	0.467418056067147	0.622507693484206	13.5872520065813	0.124602362582284	20.8485116845027	9.33794320768745	0.0363326518838513	35.9775530744401	8.67140132933071	5.33096376229281	5.74723712694593	6.43294555501412	7.27370801304757	13.2812804606553	3.54206076357356	1.7783823275993	0.848171949153877	34.814313166103	0.183520467091424	57.977333057396	23.1013563213042	0.121643355761276	1	0	1	6	15.0939275508608
7	1141	87.8833051968164	16.6498984218234	8.78323796072341	7.59333131302335	11.4861589724373	12.5304472065247	1.46684910004257	0.389561365585716	0.0134650020438113	1.52524585636298	35.4868144538411	0.854049966479563	3.60800436333792	2.83644283927574	0.635195691126234	51.8628105432935	18.8894846332796	4.32398915981623	7.29248860604087	12.8116739906835	4.9944671831796	5.87171541256785	1.2027941639233	0.121971356115438	1.68016885152879	77.759049881271	0.466488941054459	9.5959022324236	8.13327370417101	0.881918781187784	1	0	1	7	9.93330905255732
8	219	94.0840242771412	35.4905262439159	12.6490821346531	9.58901894618039	13.8337649552827	16.5683162921415	3.10252024941654	0.70935107202339	0.0678866586621733	2.02067993592818	50.8947123555662	0.504497182412692	3.84878870824223	4.35441234036938	0.526495303561955	52.2340792863489	45.3502727717062	5.75298466839509	7.72268699770692	13.5534428176407	7.40088824999845	7.69004509102271	1.59145897651316	0.292321536480715	1.85831030566576	127.799362975338	0.507699595341235	5.75159657360693	5.28909022729038	1.21238797795463	1	0	1	8	2.39012907428481
9	707	99.9925131253231	38.344076179976	15.93947784033	10.2212347154071	16.5743125299593	19.5492970631174	2.83960784944666	1.27525259731264	0.186139812118953	2.28179542424457	52.676080350612	0.483602022154757	4.94915527241212	3.28715320178992	0.521548656528631	69.3076521442044	46.3531786669823	8.67825464161917	8.9879662136523	18.1248092217756	9.56051609161663	6.19055409590291	2.97440963336508	1.09005397538749	3.02748112549604	130.583660223239	0.558250881947557	5.6887525892489	3.29025746266922	1.22035756785948	1	0	1	9	7.8489363427938
