STRATO	N	M1	S1	COST	CENS	DOM1	X1	SOLUZ
1	4807	0.281927299011204	0.151117751822956	1	0	1	1	12.4286384307057
2	25289	0.160980015096498	0.0854831470717325	1	0	1	2	36.9867444429011
3	4884	0.25444388505728	0.143984653121997	1	0	1	3	12.0316671120062
4	10989	0.41451868043255	0.298607798571884	1	0	1	4	56.1426963986484
5	4741	0.669857115178542	0.636575848394369	1	0	1	5	51.6361745973727
1	5445	1.93359139273198	3.23619686083416	1	0	2	1	6.28268987247526
2	5038	14.4250556677507	38.2045377489033	1	0	2	2	68.6255627246654
3	2585	3.84128715399578	5.51056175444086	1	0	2	3	5.07889491647641
4	42581	1.73874883831763	1.92276774139166	1	0	2	4	29.1914380398354
1	35354	1.15527212131243	1.78770500844254	1	0	3	1	20.5912228006351
2	35024	8.99492194204106	12.4482593268238	1	0	3	2	142.043738674544
3	2563	28.4084353081958	68.5223948494026	1	0	3	3	57.2174979330376
4	5797	8.12299347368024	10.4414942676826	1	0	3	4	19.7203072928929
1	13772	5.60713602528053	5.5992269885913	1	0	4	1	2.98629679592176
2	5126	18.2056945330024	23.6325057498142	1	0	4	2	4.69133292867692
3	9823	119.63437600603	229.465920914063	1	0	4	3	87.2911509898226
1	15169	99.4653749049989	176.017021137748	1	0	5	1	10.0452046464135
2	11044	341.370542683823	503.202173860831	1	0	5	2	20.908172631959
3	6171	1211.42082412011	1668.11665716102	1	0	5	3	38.7283626336816
4	3949	1397.14233370232	3548.84796616274	1	0	5	4	52.7256204297202
5	1001	230.219677139774	258.312660778782	1	0	5	5	2
