STRATO	N	M1	S1	COST	CENS	DOM1	X1	SOLUZ
1	42020	6.9993490311203	19.0872919652788	1	0	1	1	6.91355696356792
2	64779	47.7784173470887	140.560234425023	1	0	1	2	78.4870295765553
3	21527	151.870275236297	222.97748704138	1	0	1	3	41.3757337213223
4	37576	260.641074529067	307.714090609589	1	0	1	4	99.6687729444821
5	20350	400.383132307469	655.446717323155	1	0	1	5	114.974885852333
6	17391	692.485475863008	1341.09871602914	1	0	1	6	201.04185490139
7	16896	129.465909198887	230.770416032222	1	0	1	7	33.6097447828676
8	2497	1304.09972008747	1519.74791831331	1	0	1	8	32.7108086339182
9	28116	378.656655744437	522.231462935095	1	0	1	9	126.566202207395
