STRATO	N	M1	S1	COST	CENS	DOM1	X1	SOLUZ
1	3476	100.559028422181	158.95655484224	1	0	1	1	2.35891765283521
2	10043	26.5035183792852	60.1245014290538	1	0	1	2	2.57792051092326
3	1793	257.936171082131	593.162827188171	1	0	1	3	4.54055339542627
4	6534	138.704142379597	337.92451034749	1	0	1	4	9.42656343622478
5	28864	49.7930132074924	158.613621183989	1	0	1	5	19.5457152405931
1	18018	73.8805355188375	268.41554187786	1	0	2	1	2.27888696272234
2	4202	1051.11480489277	4080.2362285178	1	0	2	2	8.07885657487597
3	23606	43.798067014493	200.865291810015	1	0	2	3	2.23427098267633
4	9823	236.904882988641	1514.97321608844	1	0	2	4	7.01225403876536
1	42757	61.7258341118228	234.832393136077	1	0	3	1	9.07049396645841
2	12364	446.485023272005	1236.86583733641	1	0	3	2	13.8148858177486
3	2838	640.518462218973	2803.39611431086	1	0	3	3	7.18724694942389
4	20779	46.8113052250111	222.549356889976	1	0	3	4	4.17750228141892
1	11561	22.6829575044088	52.2676154050264	1	0	4	1	2.61730547213855
2	11429	44.1232179095143	84.2569420472521	1	0	4	2	4.171000587597
3	1551	211.54752756992	491.216236502241	1	0	4	3	3.29997641804947
4	4180	187.485933383075	248.948338018978	1	0	4	4	4.50725198026206
1	3850	155.696423204097	266.581123830037	1	0	5	1	7.02508032061193
2	10516	43.7601590675379	55.1076232438272	1	0	5	2	3.96664585514826
3	15620	18.3955682509884	27.456380344044	1	0	5	3	2.9355229628982
4	7348	29.0018930616556	59.8068227539877	1	0	5	4	3.00802228059662
