STRATO	N	M1	S1	COST	CENS	DOM1	X1	SOLUZ
1	6369	0.992939854326225	3.57192857846233	1	0	1	1	4.17869453055694
2	2980	8.53441031680338	19.0476640205501	1	0	1	2	10.4261650422927
3	2267	29.7578679692148	41.5119058665723	1	0	1	3	17.2858524777042
4	1650	58.4306629724935	73.2512002885467	1	0	1	4	22.2006300029284
5	3642	125.125527224846	158.947533333204	1	0	1	5	106.331108973398
6	2155	270.848506641097	305.518945295093	1	0	1	6	120.935005834666
7	991	388.910574580533	474.467774191688	1	0	1	7	86.3668309373559
8	1391	717.811634970304	813.869562512021	1	0	1	8	207.94503055736
9	1173	71.5098980236092	142.305975324559	1	0	1	9	30.661101835874
