STRATO	N	M1	S1	COST	CENS	DOM1	X1	SOLUZ
1	3773	1.13576049551975	3.11125729743339	1	0	1	1	2
2	7359	6.25710362067734	30.372047837016	1	0	1	2	2
3	1100	726.204277471669	3590.75226827067	1	0	1	3	31.8667867494553
4	4576	9.05386001247013	51.0273791203651	1	0	1	4	2
5	9262	37.9413683875577	343.365034131325	1	0	1	5	25.6578930012868
6	97218	8.47285950708067	87.5827764348659	1	0	1	6	68.6950646116285
7	67012	103.616059150957	406.747339649046	1	0	1	7	219.906186027467
8	31801	527.383607906675	879.362140358742	1	0	1	8	225.615371827385
9	24508	1740.45690536349	1649.0731728795	1	0	1	9	326.06782288491
