STRATO	N	M1	S1	COST	CENS	DOM1	X1	SOLUZ
1	4397	0.282295281444913	0.305408496837956	1	0	1	1	2
2	3026	3.61290492287581	15.7259054771208	1	0	1	2	10.1368396327284
3	5745	1.59443601337952	2.32897343207735	1	0	1	3	2.85018177423125
4	5281	9.7299631004783	18.7498450105506	1	0	1	4	21.0926837359024
5	1667	112.84515289298	210.992888342095	1	0	1	5	74.9240781966086
6	1527	195.185633527306	346.438546652873	1	0	1	6	112.689444057774
7	727	1078.29085403906	1524.85574791715	1	0	1	7	236.146309765243
8	338	1453.52183539396	3646.57835262527	1	0	1	8	262.554968454561
9	124	242.254351583095	364.539731717517	1	0	1	9	9.62907448242721
