STRATO	N	M1	S1	COST	CENS	DOM1	X1	SOLUZ
1	14674	17.9943750005534	188.648510487169	1	0	1	1	27.2058358449898
2	41756	4.97879469391929	22.8633427864335	1	0	1	2	9.38250478702895
3	75592	31.3239573028603	104.978284921543	1	0	1	3	77.9893834930633
4	11627	148.364223971921	259.9299464455	1	0	1	4	29.7018956399716
5	39600	237.171858826064	449.15903514104	1	0	1	5	174.805665531826
6	3960	677.451741885924	2990.5670012829	1	0	1	6	116.388186383167
7	29634	76.0142531312412	156.678539028164	1	0	1	7	45.6309980497543
8	18447	441.458497566889	890.716194675663	1	0	1	8	161.482429367886
9	15862	166.45968800483	403.627759509579	1	0	1	9	62.921512094334
