STRATO	N	M1	S1	COST	CENS	DOM1	X1	SOLUZ
1	15202	35.347148897609	66.586401857021	1	0	1	1	2.12940124387508
2	13068	170.133530807167	208.985474328445	1	0	1	2	5.7450849501226
3	14531	498.958485050413	545.567831055828	1	0	1	3	16.676906164297
4	7909	140.828694720675	179.66039126221	1	0	1	4	2.98913234791319
1	7942	117.362770443341	219.017784050374	1	0	2	1	2.48415943596043
2	10835	372.594102817395	493.041756270312	1	0	2	2	7.62926710278033
3	10648	975.476908266643	945.661884371983	1	0	2	3	14.3805047483756
4	26224	243.515748977716	446.279660940572	1	0	2	4	16.713839724209
1	13805	25.9830557441589	58.4340657266673	1	0	3	1	2.20848681147458
2	14113	174.474514931317	238.823369432799	1	0	3	2	9.22759355918152
3	34001	398.261663549666	397.343230144502	1	0	3	3	36.9870592181881
4	9053	253.329913222489	217.549688903935	1	0	3	4	5.39191803134609
5	7766	112.390910235981	136.181898435348	1	0	3	5	2.89540329813847
1	8107	181.506686092717	235.65015875391	1	0	4	1	4.53528020709299
2	2068	909.920797340838	711.084172836206	1	0	4	2	3.49098322277969
3	13013	251.956561024895	273.351596216744	1	0	4	3	8.44452564575899
4	5533	125.331028736331	119.690855281224	1	0	4	4	2
1	13497	96.0016920375918	87.6617927452685	1	0	5	1	2.58717529905907
2	5082	206.27625434943	178.194295165573	1	0	5	2	2
3	1441	867.408179217114	804.507563668258	1	0	5	3	2.53496736478341
4	8217	512.391860646329	387.101144943445	1	0	5	4	6.95530217973632
5	9097	237.345734261255	223.659306316142	1	0	5	5	4.44901047785297
