STRATO	N	M1	S1	COST	CENS	DOM1	X1	SOLUZ
1	14223	416.044459058825	386.666159457614	1	0	1	1	31.7843378607355
10	91597	0.585167497453973	1.98611338600556	1	0	1	10	2
2	9108	1353.38824754438	1362.56288470351	1	0	1	2	71.7241434508691
3	21846	516.781440079739	781.921659509591	1	0	1	3	98.723596061877
4	36960	66.7548386481123	147.523884688747	1	0	1	4	31.5122995529933
5	12419	291.736553871219	427.797016109674	1	0	1	5	30.7050756549549
6	6369	525.597045524777	1189.07974449142	1	0	1	6	43.7691410331006
7	39413	220.631535668931	441.794626043195	1	0	1	7	100.634227192223
8	2849	47.7368388797675	118.360831386065	1	0	1	8	2
9	16368	15.087623179934	36.6988626893378	1	0	1	9	3.47163465957383
