STRATO	N	M1	S1	COST	CENS	DOM1	X1	SOLUZ
1	13662	1781.50867816673	1844.87015212856	1	0	1	1	6.50738699593509
2	62007	3424.54981614226	5810.1999205792	1	0	1	2	93.016146965078
3	10615	6121.6111014059	8262.23082369169	1	0	1	3	22.6435164428305
4	51084	9254.56806939564	11097.7003658907	1	0	1	4	146.367427746052
5	18579	5902.72091204409	7604.25466775808	1	0	1	5	36.475859763243
6	25036	3823.60461281856	3461.003183589	1	0	1	6	22.3714169050847
7	26356	2361.66807445789	2451.53174194742	1	0	1	7	16.6818253183971
8	21582	3629.34037947467	4156.9898782748	1	0	1	8	23.1631278787986
9	17688	1075.04891291896	1917.79192761881	1	0	1	9	8.75803679394466
