STRATO	N	M1	M2	M3	M4	M5	M6	M7	M8	M9	M10	M11	M12	M13	M14	M15	S1	S2	S3	S4	S5	S6	S7	S8	S9	S10	S11	S12	S13	S14	S15	COST	CENS	DOM1	X1	SOLUZ
1	2981	440.303283646441	1952.63937785596	1330.23509175697	1.18743188926548	1514.56401465278	2032.67247408919	1229.40340236569	1443.24910884778	0.075332236050158	0.03871700783348	0.00012179152938196	0.184024512608885	11.6643593058309	0.685551193820481	0.0707198774744948	526.925606154987	3436.71478988939	1859.46398373439	3.65263612735889	1900.63682152621	1119.37700439027	848.94037525051	1379.85267547622	0.142939451076825	0.316343053870673	0.000420182047013162	0.106146683724469	45.1769150242229	1.83817222111836	0.244796644975102	1	0	1	1	3.86986667186722
10	8976	3456.45106654768	447.04915690951	155.830083581941	268.047198322105	487.058791901746	476.460774890818	71.6199665162785	3.42548802338077	318.450338432496	508.960045864204	99.6561589960635	5.03391622248666	8.70093192507264	19.8887822637969	223.731061184224	2544.58693258983	877.804605367888	155.288284644698	482.22746113631	462.044136281279	394.540760463773	119.106851680058	28.1896103853582	436.655690108123	2402.85282014071	176.181813351495	6.14251717208281	43.8451768315553	44.8881713825546	536.608757046179	1	0	1	10	4.74509283431937
11	8679	3258.07775391381	370.124665332858	142.524295098817	437.589563299317	362.001024087846	496.086247223445	8.67595986469506	3.82199895593155	768.084574182966	1206.53237604837	136.146511850001	7.12814429447787	10.8839448154692	53.2918710838832	359.739481518264	2333.7509911271	438.332612535978	139.948480733707	514.60140906907	354.517224273238	527.91119965065	58.735345462627	44.2219272237829	1068.68121507517	12590.8720182708	257.819758397052	7.17034017994256	21.438269066228	91.5565148727409	478.258459133381	1	0	1	11	10.0707097077678
12	11627	2609.42600911464	485.973201226938	133.682191139501	269.997053595358	180.191522952585	306.88867624572	30.231577734242	16.0046422980964	455.873376552872	2897.08385705667	233.778056556658	40.9162302729075	6.68479605299095	43.4077563705203	494.964175254543	2382.63868114806	941.742221406554	195.400670789912	286.419590524097	394.526395297074	267.017443191505	123.25543984543	77.9912624966136	627.984987479992	12648.9954306244	342.499324017337	155.934973221525	19.831189195322	191.230209217213	648.312371773159	1	0	1	12	9.52573789444775
13	3553	3103.89089240463	307.662495333831	90.6828349224246	231.769049704766	115.62565928411	502.63839537149	7.63829590013872	1.81231040379812	463.334135055911	12651.9077954493	111.653436962075	78.9246993975031	7.07870625762267	164.903485387391	351.402734582252	2278.73465590905	380.189798297461	146.915703303711	294.210142510289	218.203552011689	378.338935149669	15.5940149370936	8.85147390144337	979.716737018963	73666.9174010758	176.029968702239	115.075463142112	16.3313226302538	247.950185652902	510.869770038409	1	0	1	13	7.35866615076105
14	12155	2545.45872942451	339.197461758945	144.593983830535	104.084400911076	74.1181303455153	977.197548797277	23.979422042685	0.333953282978167	125.0409884015	1064.12553135141	43.7572251869818	149.815261278351	4.20614571450371	91.6646342552552	99.7201399209723	2586.40826225492	355.464761237505	164.880763908271	97.232078186985	141.076210305516	864.561153414955	36.9855574436123	1.47754993371511	250.477373653448	2847.32426024187	87.60398590163	244.816671990963	4.22238120823601	185.055239649882	196.35334696008	1	0	1	14	4.01400703965606
15	8833	3991.59805838904	557.30864060337	224.931255038718	314.666800415812	124.31092394094	694.242415477817	175.817932538908	2.32388791206157	272.418828742825	2106.65155924675	132.479372355892	129.417135975124	1.23652853117413	33.7954970754461	314.859961038209	3796.69319982178	732.5644251495	181.565455763052	484.886576338739	176.057671590868	738.426385808953	297.276589206279	10.4637777480196	595.054177185167	7589.98370665092	306.057559336077	285.307909586543	5.24153474252171	51.1420057210808	552.644657067497	1	0	1	15	6.38334457282109
16	16885	922.484579566916	488.178742763989	35.5139821333835	176.728072502083	19.7461677064765	94.1317682043045	39.3776971072948	10.0227380754835	725.751228068781	2346.48932658382	697.518163470593	87.34017083621	0.508875310370724	5.82400710997952	1547.34078372574	1684.11865586203	830.510678191752	101.976317002402	240.376868621948	49.5561827667475	221.497278640421	115.939409889264	57.1897904858449	675.89779452352	9668.06880319502	1008.37512704797	241.570182873174	3.94200815233973	21.8982782745497	1055.45038977225	1	0	1	16	20.3855939591198
17	4675	1099.74874033056	660.536433787582	173.376373631227	299.647734872936	3.20222035453	173.246438319815	25.7609665144424	1.54445221978495	707.896698266503	2349.96634644995	208.146012987859	450.650292666496	0.193284137496703	12.9019194544015	973.986058989465	1874.15464954695	799.710128642622	260.03155626622	355.358496453236	7.80655865659534	284.588133057337	71.4813871717746	11.8706158674946	613.893511173916	4813.6571011943	368.826864375652	778.371922479014	0.550212821913959	27.2039861413044	1039.00869613024	1	0	1	17	3.93812850840936
18	11121	2845.84235425937	996.294990822044	285.607389137015	304.804707934968	105.179604416068	756.313494558516	74.0785856928082	0.0474201668233236	293.215586569611	1535.53211989049	58.2395436009075	1126.71725966792	0.635297244604573	23.0198119566029	367.697613209963	4526.20647806684	1413.33000745455	288.149003096024	283.072048711086	341.030937292434	1013.41601035516	159.956221444026	0.338735599181893	415.357803799372	4433.44653939253	141.277735429424	2471.02255334932	0.876973195882552	50.1640934581831	680.949952694636	1	0	1	18	15.2180117131244
2	1551	1291.61653440617	2088.16655171352	1504.50252754201	7.90627589824569	3846.67727052286	1698.1412965241	1076.06059918303	945.453984922296	0.329821220334354	0.582931351132055	0.00332972446330137	0.190636943248501	34.7501973557699	3.07897657323661	0.0691777407685324	937.085120011118	3454.88356964097	2542.45919677467	11.2758840258234	3865.19082247812	772.111908855548	987.173441703721	1042.62564352269	0.518219716834675	2.89077869122099	0.0135335947426383	0.106513258774359	124.572585111842	5.08954174969546	0.30184028778613	1	0	1	2	2.67405949825741
3	5181	1937.87176005163	2181.06569850742	2343.27706760613	17.695195539585	2322.53596560228	1855.6247869495	1659.64377705913	1264.43484494206	0.998785320878689	2.88701659265071	0.0132576871415513	0.270862181583355	130.695821162385	6.62130593040559	0.110214715387518	2707.54653114203	4050.95663837656	3448.05866449601	29.876068695935	2798.12049550367	950.188037731262	1333.69271143004	1098.79702831651	2.41589830621222	23.7282349705731	0.0391097265192644	0.193319797565492	1316.88278082487	22.6786322914505	0.315380006421904	1	0	1	3	7.85685820865812
4	31350	4635.97823246891	1825.09065264808	1294.96694699961	246.052684227762	1038.37726816946	1208.45752116083	813.375483261866	517.420854467172	10.8187168461981	647.729326004137	12.9253404357966	0.280160384418691	573.0386334026	99.800817897939	24.5599213453617	5809.31801866419	4432.44193473823	1648.55514775892	407.598588569814	1645.2560952494	699.923284995966	698.975410365461	763.559189723002	22.7178409619066	2607.76938007282	29.8451057717458	0.293958129122292	2369.86893293399	265.133388940106	117.362680937497	1	0	1	4	34.3994333754761
5	20702	4961.17036085238	713.275216010967	830.056721152091	290.286929092007	894.298900225231	1145.4265044738	474.360987120131	102.866754060932	45.7388613585909	813.520138637188	27.2156592845145	4.60633012793521	540.887617471389	81.7776624758616	30.6534100673415	5335.13554186596	2141.19763611575	1142.19261544444	450.250989851789	1182.85967463162	769.432224246334	485.230254505431	227.517101155035	69.2930983052271	3726.73455071787	52.4319062835675	19.8375741063533	1649.27383463474	309.076785657231	143.441866357768	1	0	1	5	13.2125698912321
6	6600	4754.01650625087	1035.15022813896	1048.9875778659	467.901539115024	782.916168264976	1135.18497234037	294.231410775536	80.2338398608241	126.420088751605	2076.35797458242	27.8359801993743	1.32796550547035	1148.52020223284	661.781779103068	42.6967407587676	4066.60342049836	3352.91278289762	1504.21728693143	639.193031765351	876.883367943607	651.937731371401	326.435979423151	138.301628679836	178.051282164419	7442.21390207817	51.5759572172563	1.19685351006881	8034.39800907102	3283.77712686255	170.426661831557	1	0	1	6	13.0513577747416
7	44825	6350.19474393346	1832.87257118217	1199.08990784081	216.518460003931	1139.93559202516	1905.79730011994	655.623740914825	336.093918323958	65.0002917076327	1007.22459848899	23.066140997394	1.29457567004283	161.039087793711	89.5989132212042	36.2404035851773	9136.22181482818	5395.30471588816	1751.30489398774	417.785680223377	2021.14740162388	1724.48677046641	942.299512698225	641.790548064136	144.845595306553	8330.2179803284	73.57622440251	1.84358774108871	1518.06722628316	744.847634515887	178.065175031941	1	0	1	7	59.7912565531493
8	12408	8399.32404834437	1429.70180651788	712.326390715117	576.119581490237	698.67453899767	953.584077252174	325.147150008814	63.7850151244716	236.340856512721	6155.85924846392	104.025781339663	1.94590099736148	60.8025076756527	59.2018903273913	146.515899676993	8954.66594253976	4264.06111485696	1261.68583072402	669.476641199151	935.458292319439	1259.69976047225	659.186849274486	224.432367135825	254.161640824621	26071.93886334	121.092149502721	3.63098988239729	249.373936449581	225.293741246745	380.874212190008	1	0	1	8	13.2329890677198
9	39050	6542.67735261238	529.124348679105	659.480335715479	356.607941728568	391.538020911465	1041.99717671679	166.137569758709	15.0825985767562	267.840119102205	5019.04879160326	165.012874639902	9.44847958965528	89.0122634639792	240.170506614567	176.082914479053	9594.24855476122	1609.56043439445	1696.0529778653	446.321102733929	493.961189422198	1761.91853233936	414.891947404329	56.5026885643502	332.547223029151	15468.5610351297	266.114563351238	21.6179411797866	290.68903508595	1064.4944474875	352.451541087957	1	0	1	9	35.9849735069117
