STRATO	N	M1	S1	COST	CENS	DOM1	X1	SOLUZ
1	23925	38.8535649561839	88.6671665751332	1	0	1	1	9.99880291350921
2	21681	153.469417221262	238.53618357614	1	0	1	2	24.3762450504973
3	10901	309.273842836161	393.414247625079	1	0	1	3	20.2138786780949
4	24222	686.362402952224	795.366017239217	1	0	1	4	90.8051044576779
5	47289	172.795523746911	337.980259700583	1	0	1	5	75.332901818413
6	56804	276.542668171782	317.312763227784	1	0	1	6	84.9571022529811
7	3201	621.287346191357	649.304913783817	1	0	1	7	9.79642447847918
8	42119	161.320220736901	192.746371113392	1	0	1	8	38.2646277624096
9	21010	427.91648441461	383.769640429918	1	0	1	9	38.0040515735153
