STRATO	N	M1	M2	M3	M4	M5	M6	M7	M8	M9	M10	M11	M12	M13	M14	M15	S1	S2	S3	S4	S5	S6	S7	S8	S9	S10	S11	S12	S13	S14	S15	COST	CENS	DOM1	X1	SOLUZ
1	340	1515.55985342093	1678.07422997557	1573.10358516817	36.4282196421629	224.774929248707	1650.55753772603	1249.07273801264	703.51350434819	1.62953822967237	130.873844686581	8.13613505270812	35.0737698577442	147.080512792137	19.3212178497434	3.04378135462268	1019.61992478456	2566.80464729709	1190.26331425972	38.2833533815929	337.537211446806	741.885183180575	550.022293306981	563.196872598466	2.553413868846	617.356286052128	10.329140405889	105.812540333234	305.416878997046	37.7900932489362	12.9480189317963	1	0	1	1	4.90435703210225
10	2507	7058.27497891484	2235.0574775744	1651.86805026093	258.322366915125	1226.74731121108	2119.66965122813	611.003191707615	260.310870885784	105.481958407948	1593.35996044244	77.683781361953	18.4687219353483	245.675091312914	91.3460339711901	94.948599649319	7755.55209524436	5279.95884711646	2038.26101277453	470.930881587449	2296.07889203353	1896.30612226959	568.816192775675	409.744095267173	186.032229651489	6113.95073717399	229.400596791483	51.7783116197865	2294.89753000313	286.63679038341	379.524816206082	1	0	1	10	98.2973502406489
11	1207	9811.04700482095	989.56514311888	1821.8864334539	352.395269518624	271.96970262336	1853.59119127871	374.679354062041	51.5611008787572	252.49095544583	6460.27933360807	127.614254614991	44.9773152951273	417.315432307556	611.350979506656	195.511719466935	16625.9384165782	1696.49857280721	4159.36031988786	345.369256440169	326.142441497735	2572.42612656065	622.790991750703	102.122395029291	298.725340533041	13551.2225562222	316.026933562625	113.903517450015	3191.61899526833	2306.37217823046	572.791524855033	1	0	1	11	60.1900701127352
12	2262	5723.12742851574	613.607470199986	429.135569213785	353.395290049796	310.610540933228	740.781214130347	47.5518157384846	1.36515413150922	378.516671591699	4268.86227145028	329.751555883481	38.0085969380708	189.102711198407	325.410921504809	515.740916659132	7579.66657716528	1707.99223709286	618.811798027314	320.757377148785	410.68373430944	825.042588473576	109.134269017467	4.27834718290343	361.578551066146	10300.4421616494	533.873351435792	150.173944839203	847.275697223715	1018.84582664341	634.367262268068	1	0	1	12	53.0174862159047
13	2296	3844.03789004648	377.151921134785	136.226638101002	188.623682442669	297.828648965928	428.836584393965	46.8031884822511	1.15960756460064	410.778772262603	1267.11383890077	179.77725144227	27.1168774394486	7.48993046243853	27.7721894804388	380.230916591923	3393.79860919283	539.845980160104	173.534629549611	183.671740548579	388.796569716991	354.626352414234	120.638085725072	5.30110905477192	414.771360128383	4424.62142469144	189.830979132199	125.296312022943	129.022765182842	89.1920181067458	515.256394814633	1	0	1	13	30.3006089533161
14	2626	2804.81391141299	433.321948829491	324.679281571493	213.662982740947	122.719000631255	730.610458508805	139.546493847036	3.19155437176999	313.489759926192	2136.59647865475	147.520909318436	153.588854611293	25.1326637042455	130.317192196028	337.226715316098	2049.70681564356	599.207562637392	386.751818136894	256.070613177534	162.171073428324	649.236504962575	290.514775877466	17.3515514543679	506.715134791733	6130.95199135205	197.319903760342	257.838688334183	150.263111542903	673.505957747329	528.37129488133	1	0	1	14	40.9986985842384
15	1509	2826.70412842117	979.243121620343	516.886257234794	354.428560356767	157.708144188694	736.721722342523	120.181611548887	3.40413540909829	344.855480490262	3921.70154763363	226.567909896863	967.0864464331	5.5534751503504	42.8465358197542	627.963029952652	2857.37663017685	1175.99543012601	500.640522112845	239.028237845003	436.665341370147	771.869238814907	214.796544116093	16.1624020081557	458.989447056841	6933.74192267702	462.279104887255	2117.64143491729	19.2743226734415	154.908023493455	928.73755994606	1	0	1	15	58.4504782202962
2	1315	1716.24913571823	2650.22282661373	1159.9491989167	217.398822324085	339.646582679559	1155.84192989873	721.432166041615	368.899795313802	17.7021965161378	2131.35035935535	60.2648292030818	32.6591245136091	592.990262928329	75.7471178376544	158.366235163699	1034.30233601642	5214.80181969775	1019.08470045484	282.036763460969	530.879113238191	641.033645322252	544.228916734144	334.752579932041	34.8919072710714	5429.83311418326	104.741117766036	75.6953406302782	2325.47089129721	200.576385160139	338.832782436222	1	0	1	2	35.4477933865121
3	335	2599.93923553186	5484.56727122709	2249.67103439096	176.903319696927	1157.66676440718	1968.75299348357	1403.42012804926	1810.02538997251	3.26876322324939	361.157243052484	13.3639798983184	19.3193005383419	2124.69212848669	198.292771937172	12.3434254857775	1279.61869730482	15025.9296654322	2100.30186545757	177.621465956386	929.652958008244	1272.03526349094	820.424041489485	1707.08075547691	11.0873450362006	1257.52588570229	33.4336772002806	42.5082017324342	11754.6300052302	1279.59637471715	122.60814355028	1	0	1	3	34.8825904632199
4	502	2752.02707138918	1768.7074671453	1472.95253785309	122.525347969454	1929.13254102188	1706.41613775839	1311.68002290863	1285.95806126898	8.5320082929079	770.019443096928	25.0694619900109	41.8859335218158	647.343283619384	80.0090807445429	24.4029783713071	2232.97376420552	2339.30464663917	1227.32057797172	147.26157228875	2687.90249405311	753.670946842006	892.755596185701	1667.45659836732	17.133050109579	2848.13390117903	51.570426398174	112.858724802347	2040.64209212461	204.035616682645	142.61592352598	1	0	1	4	20.4103258405276
5	1850	5198.7250150117	1608.87466057111	1433.93196775714	264.149347082542	1727.31101869605	1632.70199088933	1002.57966899922	588.400141283322	40.5227331321567	1300.75080016993	64.9399769109795	18.5424547757314	579.015304662288	109.617995249774	145.192971356347	5254.04588017079	2857.04007149206	2067.78353926613	333.560402031636	2896.86706368565	1171.98396182714	1077.92891894212	878.092534368759	78.2604820513994	5333.44122493735	147.544891049138	87.2926466470186	2277.01416379629	405.653239564785	423.146490448761	1	0	1	5	72.6910358229862
6	1939	5008.03866244703	668.705651711896	885.761127190614	302.002633196372	985.593632849817	1413.92235867405	444.538996919254	98.4262582051068	90.7474250200259	1402.31629649926	89.795902011375	46.025291050848	1068.06874902315	300.174159752609	163.371211296008	5213.69009204538	1534.26850624042	1246.39318689945	456.766672426827	1315.72268981044	1063.24545662764	463.239589650913	223.218445269139	156.795100601958	5303.16888540476	170.854612014782	169.64605194577	4392.07556419415	1116.48929919526	461.691294251448	1	0	1	6	73.7653065107802
7	418	4564.33467132475	838.051481022916	750.805896049883	593.402408349876	649.214752832007	1144.53749362432	203.673929296118	34.4873204263548	175.460737250951	5838.34547173699	120.042610012882	25.1290941032116	2897.63793970441	751.972894278978	247.911064396215	3189.63459479443	1675.21025548624	982.324283354632	820.253566481325	798.130374518761	742.801797625379	233.303688423343	72.6715049888011	199.926341246807	23489.4438462701	144.321152574636	59.2320177997519	13095.6815877675	2720.36597889315	516.458441096897	1	0	1	7	41.4902653363248
8	1793	4622.70811691464	1426.72585398815	727.769495620126	439.249149487822	507.15853199934	954.174755427571	214.753511936789	136.444320233731	218.981665558444	5201.84285091987	208.263330130349	9.10933654525012	241.295600147314	86.4025590690288	476.568848086229	5432.51127440148	4350.61116372165	1133.0716481141	559.167806822379	720.531850640274	997.265684914666	381.73522410981	382.046727860445	252.138770248966	16651.3176380453	297.461267369258	25.4037616386042	1787.94875483854	294.502279903312	808.223980958803	1	0	1	8	53.9842929720862
9	2440	5640.32853502203	1345.4942069095	951.064494696428	197.09924785012	1071.93488334331	1382.73350550459	441.687119827884	281.969325454719	117.290537535541	2347.82368414967	148.037425212104	5.16661033539081	278.676435389945	117.116620174104	253.1475335755	6801.45913457951	2578.0355561458	1186.52669930529	282.791799509285	1418.76869472455	1103.22430642175	543.796998752432	598.735491413301	203.873419474876	10361.3231048875	408.558710040257	14.2944582415211	1238.81929279699	681.807218376762	655.449989143469	1	0	1	9	68.3555567811423
