STRATO	N	M1	S1	COST	CENS	DOM1	X1	SOLUZ
1	10307	3.11862562676744	82.4403292888805	1	0	1	1	4.07399661594321
2	2464	267.716189979845	1691.24820985414	1	0	1	2	19.980057028219
3	41734	0.985677170361366	36.590930640238	1	0	1	3	7.32170348990376
4	35321	6.10582116287251	94.8550089139038	1	0	1	4	16.0635648156838
5	5511	42.1117886408477	460.380497110504	1	0	1	5	12.1645486219965
6	56188	16.9927230759611	114.823252744977	1	0	1	6	30.9330034021275
7	37620	196.077301909293	894.024004234848	1	0	1	7	161.256281484678
8	29172	66.0497534623951	267.751248141723	1	0	1	8	37.4495306372267
9	28292	759.003787589672	1598.95924809146	1	0	1	9	216.895087005805
