STRATO	N	M1	S1	COST	CENS	DOM1	X1	SOLUZ
1	737	2718.30383431776	7151.02299274937	1	0	1	1	2
2	59367	498.753923815849	2332.62293833312	1	0	1	2	33.4783778629726
3	31834	4234.91372316034	22298.2684471168	1	0	1	3	171.60783532301
4	44803	894.128097844164	4044.82850500965	1	0	1	4	43.810879298361
5	13959	9172.06021393393	20769.4643735914	1	0	1	5	70.0897265208322
6	46992	1866.82204804705	5123.92604322264	1	0	1	6	58.2105286510931
7	5654	10564.1670846667	61069.6258386931	1	0	1	7	83.4748841327035
8	30712	938.513172291743	2866.2424981514	1	0	1	8	21.2811842471186
9	17094	2954.01429478063	7580.85935590445	1	0	1	9	31.3283051728573
