STRATO	N	M1	S1	COST	CENS	DOM1	X1	SOLUZ
1	17941	31.3547217933133	73.0628949728367	1	0	1	1	9.26427199863638
2	48543	89.3963187108701	238.922039181932	1	0	1	2	81.9691818494401
3	39380	243.751941038474	393.667642925674	1	0	1	3	109.56534401359
4	73931	500.438778345243	698.546062469854	1	0	1	4	364.997092118783
5	18788	237.340123758634	247.014379792343	1	0	1	5	32.7997522000947
6	8591	288.62114221809	503.216852456067	1	0	1	6	30.5539012715024
7	23463	131.126249477821	161.820817662249	1	0	1	7	26.8340180057267
8	6292	653.663549481365	667.126918976914	1	0	1	8	29.6664072291013
9	14223	365.340954649352	373.236602920654	1	0	1	9	37.5183052893223
