STRATO	N	M1	M2	M3	M4	M5	M6	M7	M8	M9	M10	M11	M12	M13	M14	M15	S1	S2	S3	S4	S5	S6	S7	S8	S9	S10	S11	S12	S13	S14	S15	COST	CENS	DOM1	X1	SOLUZ
1	5225	1152.34541061606	1545.47357501188	1449.15536679836	43.7791952501177	22.2013611623732	691.008390203638	1495.18743936886	1.20510754700866	1562.4585604929	80.0911909220286	10.0685555066705	0.217127503470505	20.6819397299147	127.960974869291	2.26451845801805	2754.254256946	1246.56023871486	1316.84920500333	71.5441270296951	34.1408580311226	821.41799831915	1288.1806869564	2.16553659383505	966.373833586453	364.497284563703	146.69009205744	0.106038454113723	47.2175734096332	266.154390415772	31.5873359735612	1	0	1	1	9.4073022419868
2	28083	2292.03493267985	1693.66169396585	3398.39375219744	1595.25813833583	112.382950823357	1074.61328459197	1166.29206901421	4.51718624281942	1601.73013770208	251.573192146617	11.0994447208973	0.271364410503967	67.4082639230713	510.892406264087	42.7796417345957	4993.57488277739	2568.88847036579	5544.60501958606	2990.26403769199	221.024706401589	2025.75183804978	1341.02472297932	12.7100077652421	991.489096322339	1749.82557661786	127.701059379662	0.225778894235171	245.184220228209	2532.06646454284	817.556766502377	1	0	1	2	96.1578505300791
3	17402	1243.91657819591	887.42820882112	4226.24475381248	908.470223578038	406.783550749083	149.03819239897	378.513258187374	40.9929541922945	860.303463689702	2334.90230217723	149.291246975796	0.392287421324918	76.9527543190886	441.357785297777	694.878825794482	2970.71668611711	1558.46621201681	7175.11799329622	2085.15380433839	566.31959552409	387.094157311119	916.179640586817	85.4974207474075	741.718274124036	8106.54802231059	371.276062877607	0.43444133851269	263.672894803616	1767.24324362587	1929.01458276996	1	0	1	3	54.7610835671163
1	50974	1112.54800038479	896.248472365801	5502.70570199514	818.952865994723	412.440234336584	164.942137693415	387.738318811172	121.697664141251	1217.15845615756	2511.80726956724	50.2567856376458	2.64531593598795	174.655082576883	530.828035737696	72.507340082252	3561.35623189199	1684.90703782389	7711.17258937698	1806.56312208025	733.314856733721	591.10215801886	906.519947786565	241.902797223365	1075.07773821241	21749.9655766041	118.99916034482	10.0103358473539	1352.82761096709	4477.76724174606	375.447424311537	1	0	2	1	168.355608141037
2	660	547.122464028304	130.136136661907	981.360413717151	159.972691946495	251.854175406689	12.2428681291079	4.8037370614812	433.849540916755	200.958941078489	21624.9314568902	529.62758102276	3.66455238731315	43.2128014269187	65.7435971580649	2386.26638625466	864.76571332279	276.517957442831	1059.83377247855	867.467289819505	211.927371306702	66.9567857841167	26.0628979232234	324.673664881983	437.73315400071	78496.9164523161	513.857699337424	2.65173867108413	143.123096066009	311.311074210571	1353.82742171137	1	0	2	2	3.00651633741193
3	4015	435.46716700955	35.7363060925507	360.923079603283	1.94318168803924	107.539257930674	0.959377487186973	0.249381169817209	451.008498311508	61.770885638338	3930.84737106443	339.183624322037	3.84122931140291	18.2064790997189	34.5430955909395	1497.33720325449	776.548613474089	123.6326853257	653.770767989559	8.03785516133591	166.397057665353	8.6134277760155	3.5133914928448	309.89903605808	135.316422116155	20822.1285216329	394.573311401109	2.43212135559036	118.710835608485	372.313245570827	1119.27174633795	1	0	2	3	7.3984765122281
1	20911	1698.7274065376	1193.70670096636	3261.46938865831	1158.96953598568	70.9988033553383	375.691257883964	1105.44823144344	27.7968141025411	2804.5269701495	134.628404706817	25.1993740669758	1.87782535394947	15.1872369607927	58.1290400930303	1.61310758699076	5978.95124025271	2092.76933342247	5679.35103995248	3938.63057596388	199.469972663455	808.826693211044	1595.11200915053	130.618627890106	2938.74409452803	1171.47916649289	177.258425340421	4.45333301121117	52.7241506896635	479.181047205894	22.3934064535487	1	0	3	1	65.1390496880799
2	40744	1147.158240136	985.056302554486	8707.03906166584	957.844796456288	297.363462658214	44.9580655280286	256.003638407937	156.795935454534	1467.29635449958	3831.69264441813	64.9428750982225	6.5467774436745	256.882697170503	172.144050519109	26.4269532651906	4530.84623324602	1965.84923458436	11240.3726125277	2704.0293723768	376.268701554838	239.203824900671	652.071156298661	228.933776470627	1828.48917892575	12827.020203421	194.793568377375	20.9303728878659	1100.16380723574	1194.96040584474	144.290919925765	1	0	3	2	144.87467270657
3	17083	687.009045102853	231.891400737351	3633.41580657518	371.856254709331	312.583382852864	5.56031733378948	45.7506069524617	495.643931382844	369.923951134334	3747.92264877255	465.28335726057	8.81325589915048	88.0693314252967	68.9168424111548	1008.23585648694	1915.27816888408	445.996814924643	5518.72121651519	931.868944214989	348.147802252066	138.120152164119	476.51928058314	538.09971339338	460.094319849646	9568.56627744833	641.036989372459	16.8921322266688	497.668900602154	828.990744994906	1051.88981735791	1	0	3	3	42.27004169389
1	6930	315.415747928806	130.282261614351	2488.0752480066	532.393139143958	188.533871857346	0.67131171388844	79.4432804335404	207.298108687484	633.586348061413	37.7900437613658	34.7598861299762	4.3670461768694	9.00567723550012	5.86479847630561	68.0400218832556	485.324345434758	113.926038588551	2108.04503133875	640.729497023749	462.299783498861	0.794862365846436	157.957192413672	562.623749660374	489.072326383294	204.28283368573	156.565084683929	3.98264056019026	12.4603596096285	8.67989475828403	627.518644892637	1	0	4	1	19.6115013434582
2	6094	411.729314621555	115.294014700335	3809.34501167445	529.23374422988	535.191803069334	0.0924302701972522	6.34520518527236	987.191382701278	481.514203151359	483.079584923305	483.874821794629	7.03303730835424	51.9634080167041	12.4685836383684	717.294459259233	662.629638652437	103.841239456563	2235.80217598144	596.345632460599	855.274187976115	0.204330971200122	20.0879367463391	1607.80726326182	476.832690378328	1032.12474482076	2412.1174059117	6.68451206133144	100.924034830404	20.9076833082601	1490.62510512173	1	0	4	2	21.7452235093118
3	15697	293.6354605521	85.4658662612309	2204.22761545052	132.193913564949	235.572709495733	0.379510697974749	3.7813689742549	555.320706408209	439.008842099413	7861.62216491254	124.996268359502	80.9584476382329	130.843403348914	9.3240526364657	550.842544613745	282.993715795789	106.479740933531	1891.05085914705	315.234037710141	381.684153330704	1.00188293266725	11.151399584827	1033.07336750009	406.909071922464	60468.4662379683	200.274428646789	192.817117175241	346.713745773011	20.3603774443445	872.762825695658	1	0	4	3	51.2312476567261
1	7590	342.68674010689	148.52590130563	2005.04029712058	99.9025763806871	73.5683704631438	0.671316243376757	48.2259497372219	47.7072870973596	1313.71346462288	175.613131272211	8.41650723948842	89.0193207488097	34.6428454488504	4.32480322727211	11.4631984400886	403.453015111216	137.416023445667	1943.39966673676	256.978023032555	109.415556855347	1.13785402063518	68.122260526927	87.4886959648352	1196.61573353265	495.565142988146	20.3543076359226	146.346544598113	69.0706054701355	3.29673892539833	60.0125269367485	1	0	5	1	16.3050811856808
2	10263	1017.99328760352	327.218329986697	4313.30720554192	294.784931450392	441.933931015957	1.14521292709654	268.499421859182	191.430620695825	1074.69413667661	521.252007347372	66.8928308293367	177.224045822829	25.3647904860695	1.31940364592942	66.7328973280278	1754.55318874282	326.649259331108	4896.03861274319	1049.73068601107	590.084128557954	2.54919769767065	649.982718683862	525.130678937715	1039.041006367	1741.43727904729	286.097482879657	450.16211185394	55.5573889573041	1.07889032685164	363.509753558509	1	0	5	2	33.1253670745444
3	19481	574.302526594076	208.848548234332	2911.38306361565	25.6048854218434	336.263030467441	0.086529347651395	7.68656947914608	495.517656516178	388.318208739045	4771.77173246107	278.073945381631	917.918660608762	78.4274708351191	0.762054308762467	580.418060056327	788.354627000505	219.724179243636	3599.09315875279	105.84440336412	338.424459533266	0.564822010825401	73.9691415376531	779.968421713647	389.5880201286	10561.9728732848	817.036444814322	2207.14709939167	212.083286285531	1.54610949276226	904.581048098519	1	0	5	3	63.9080778610725
