STRATO	N	M1	S1	COST	CENS	DOM1	X1	SOLUZ
1	201	776.263905050619	1045.76457749386	1	0	1	1	6.76948916190051
2	1768	1916.95017714636	3018.49612885395	1	0	1	2	171.869493288085
3	4621	1385.86226373347	1863.02929174702	1	0	1	3	277.256390105564
4	2711	1007.22931344262	1367.67837255608	1	0	1	4	119.40964566445
5	3372	669.813070975126	1071.12467016576	1	0	1	5	116.319760880044
6	2044	298.119786138229	411.838637486648	1	0	1	6	27.110273100906
7	3958	146.458233132945	171.316892277877	1	0	1	7	21.8374483175635
8	1904	29.6284014322502	77.1669032316782	1	0	1	8	4.73177329353454
9	2253	254.37099714785	251.97295369002	1	0	1	9	18.2827293972866
