STRATO	N	M1	S1	COST	CENS	DOM1	X1	SOLUZ
1	2079	950.507929360605	860.254545858817	1	0	1	1	2
2	1650	4370.23175290877	5990.38346278863	1	0	1	2	6.18434648491078
3	5236	1034.20041159447	1437.39951893015	1	0	1	3	4.70903998889252
4	13222	877.841920912286	1232.78987382846	1	0	1	4	10.1986210885932
5	25234	237.240337307962	460.658797900405	1	0	1	5	7.27311934673116
6	32505	411.181473662128	831.723330787995	1	0	1	6	16.915478983229
7	13662	123.861788043517	306.044527667143	1	0	1	7	2.61609881910102
8	51788	33.7353159422867	173.385114455667	1	0	1	8	5.61818704818894
9	101233	0.799693461087867	8.57512218966289	1	0	1	9	2
