STRATO	N	M1	S1	COST	CENS	DOM1	X1	SOLUZ
1	33737	17.7448360686859	203.955280256719	1	0	1	1	2.24688797464431
2	35783	387.493391361065	1590.86419755796	1	0	1	2	18.5887361035325
3	37235	2216.72854045959	8559.0399339902	1	0	1	3	104.067810206404
4	51953	5170.62540673013	19971.7955430546	1	0	1	4	338.818993132614
5	15873	2511.25078711569	6297.03294954455	1	0	1	5	32.6388604486957
6	22495	414.552629387833	1175.21805788805	1	0	1	6	8.63265647128903
7	4873	3237.26473567699	10096.7487075701	1	0	1	7	16.0663773962668
8	3223	15738.4375563758	79904.8808534981	1	0	1	8	84.0956669339545
9	45980	1739.32717700306	5364.56480282023	1	0	1	9	80.5459054875327
