STRATO	N	M1	M2	M3	M4	M5	M6	M7	M8	M9	M10	M11	M12	M13	M14	M15	S1	S2	S3	S4	S5	S6	S7	S8	S9	S10	S11	S12	S13	S14	S15	COST	CENS	DOM1	X1	SOLUZ
1	15125	3836.05637539562	2066.60418938835	2225.0370512107	1842.66996344951	43.0969064439649	1485.34253387029	1922.91174506023	3.49403532252691	1995.73064837396	68.0989024873637	20.0753595209102	4.55161553433054	60.992845505001	155.079882656675	7.82087800114824	26262.5566083099	5347.96495276995	6253.77374240492	6461.85069748869	163.557475961363	3668.18947706107	3155.41004705363	21.4866663036464	2265.17668428666	561.806686524139	455.82847804799	37.0774068331587	653.12472876044	1838.75602507613	266.603541808994	1	0	1	1	33.2505421131961
2	21483	3220.91050861471	1645.77855020759	4037.9474046315	1167.6012384968	194.876941585524	451.987800696586	717.172445814379	6.28409428886687	1530.07771547605	1303.82336074717	15.0965732060913	5.2277686588211	125.237649832913	594.921593151018	62.0102738424274	20256.4476590931	3952.08504163441	9430.68931646706	4092.46407805225	530.921257713391	1367.56195066595	1310.04513681766	24.0844077029004	1807.93228842213	14681.703969023	253.449720273122	33.2987343229643	638.916989111179	4808.00557489938	1370.504388845	1	0	1	2	49.333712139549
3	7843	1859.44917937928	935.392502667868	7265.69553587409	1161.36880345319	578.195728657066	99.246708490752	138.741998519126	27.3932598059571	968.256959474247	1876.31989384812	91.0925719151514	2.73631183904198	99.2232136807421	336.684202154364	106.304033093616	10395.0578175149	2512.63827453572	16226.4987901089	3739.61713289754	1385.55512897674	430.443036764985	578.819879380035	67.7014128566918	1269.12038747209	11951.7531152483	910.119317347206	18.0679502415378	355.053871573081	1560.74223549167	881.734489116058	1	0	1	3	16.0246216538157
4	946	3015.41905286069	1003.92223736644	2369.5547810091	220.072468915641	543.681879272773	61.7523668411032	75.6418877946177	43.9792821048912	512.136855734803	10550.476580984	523.419686596903	3.05933246935258	101.420896528065	295.963357418923	907.82367028958	24177.3585109961	4454.21477534253	4971.33037643888	1222.39487685703	993.473794900048	278.560267581668	485.779644896748	108.514420618508	722.178629726965	58148.535459719	4646.42026777652	19.4731272759563	488.03883179454	1494.82096973468	2681.84569279807	1	0	1	4	2.21879847241404
5	4048	1292.25081377184	507.459007883613	1474.17439578066	28.7352118124716	423.940480507983	53.32563608539	133.838111178716	119.990226528645	358.545119314607	9471.08437323461	476.452304819879	3.00275517716537	98.060014652908	624.400318916198	2216.86071670938	4414.88869096304	1628.40503773299	3041.00475640227	89.5511467628602	947.481283698069	259.647781527629	691.590060532514	281.684489279182	870.115662481492	39618.1093343725	1409.69923824678	20.5941831296714	443.358546223139	5923.43790735007	3758.54374914725	1	0	1	5	8.35235201521121
1	9636	2545.56555733364	1715.58213660428	2932.41274046249	1053.62413433916	66.0568452960567	578.494188881183	1084.72087143917	26.3584267570147	2100.03320227815	508.938269557938	9.97315351798445	8.90736543580782	23.8505177908192	32.1156541929529	0.280216194729197	13205.9321752958	5074.50760830883	11848.7436207071	4483.76154051762	316.100114648195	1253.37305984351	2178.57546293981	151.393724441163	2280.42025265744	5492.67735251062	76.8594190996224	36.7594858866454	303.807511397522	357.858652527865	1.65958750630429	1	0	2	1	20.5356054791063
2	3443	2415.63941551848	1411.78817781808	4650.16616292561	1077.86430978167	214.225357500511	166.238639377025	878.203319837624	56.2567460106211	2125.7407864215	2618.73438250762	19.7022527604201	12.5088646242464	88.093709259194	650.414180671281	0.889051327449493	24710.6004319094	3597.71907934018	11514.5530642682	3853.61197134307	743.548142085481	526.324423964854	1465.46718508459	160.802964049112	2431.26727471969	26185.4586444825	162.529803639704	64.3496524070497	731.74616290124	2568.63117048267	10.0852138057941	1	0	2	2	8.78788799280269
3	30283	1291.69878960266	973.733714002495	7785.18597465215	838.288170135244	681.564349001641	30.7084261593602	220.773073892881	161.777434545706	1072.39321061109	6363.24703817677	45.7911924221836	9.35677641295738	281.129515810172	635.73060139151	41.1061280733891	7491.70536591422	2736.0661073072	17496.9609584629	2196.07497661827	1734.47792593463	163.60843108821	747.510736550401	400.120567953251	1443.52144365496	117230.294907293	148.877434987088	43.188340400425	2041.37787562924	6064.8655988915	269.743692131033	1	0	2	3	67.3878537342805
4	4851	2230.44306798198	306.123599903748	8169.5154807109	397.886318207595	428.658359703175	6.48195957362469	21.6833485437306	309.601140933929	400.559866761088	4726.90341641177	150.834838788585	11.3949577967167	48.3253561935751	25.7406807813219	133.437699285948	13157.3560564495	840.612850863058	15888.9569319416	1017.09173275815	1030.53626702061	127.566363344981	486.835899002108	678.652298650309	536.87127617671	82920.3124008606	331.806093311363	37.4765399906572	364.179530786952	392.050806063848	605.867720827786	1	0	2	4	8.82429603891872
5	6501	916.750616882738	107.579411956526	2013.43360099432	51.4719976608182	132.32617516711	13.6156373911179	22.1267012291289	342.686216423965	149.134623527705	22636.7395826929	380.135265435236	14.4733115655882	21.1301369513311	15.3189106766104	1287.91956331446	8774.3963578269	581.323797305628	6880.64168325129	204.162962182907	322.293236912048	224.592026433977	312.397458785024	521.935481669667	473.258037268078	239667.554279782	776.018184722484	68.0732293814179	166.844789322901	230.240212555799	2160.56649990491	1	0	2	5	14.8391151994081
1	4554	2822.39151087706	958.527327370179	2481.93248319697	2520.05411905981	53.0138625793342	495.074398785703	686.497084003035	36.2761226973438	1720.48158898384	73.6147368062086	34.3108119384924	4.57671466016753	19.6146142722183	12.9149841340044	1.80902506501968	18551.4304166214	2459.01030130837	7798.52081361552	11194.0246079614	313.604717022216	1713.42307695611	1966.88783276351	220.815906296612	2227.78804658089	912.446375410356	306.140121351761	25.9018434633144	172.150739373549	76.5951013652265	30.5799033223082	1	0	3	1	10.2729943767355
2	22715	1825.69961178535	1488.58323858962	3943.37116474767	1055.32929198511	140.692835184735	333.08204993192	1086.25591368551	40.1070293646281	3187.57762610089	1183.77750603401	31.0710636556973	8.29981606109657	66.6798295468328	157.445376795434	5.42890936863101	11795.9193364087	4268.87795686581	10575.4184573214	7779.20388539288	581.603535651653	1110.75951567902	2261.60836978096	147.097880115718	4766.56818489281	12561.1433938587	308.715867117114	52.0661987422702	548.798153587162	1185.06533438304	117.844269218196	1	0	3	2	47.9062804326972
3	2926	2043.11254643818	1356.48658980367	8775.20744736286	1359.755100448	249.425172104344	77.534755353174	376.220859589697	104.497956882467	2027.78481854932	3793.0379301487	45.2749924399044	14.21103719865	343.77633268994	326.278422502809	6.71045889961094	15488.0193160016	4896.13278878781	22193.1743608217	6305.41551207637	562.745115337042	331.740559401428	891.385789301931	297.856208285818	3147.3407980965	41507.7151848122	302.340709196574	58.6941310450245	2255.491658551	1623.14445018466	37.8296389653427	1	0	3	3	8.38635884227327
4	27885	1330.47265897411	1042.61716335308	10657.5303338518	1202.85740444807	380.014362194642	23.3563546652145	109.4407528504	205.39317095522	1178.20327981795	6319.59659939	80.5735504049474	18.8265427782489	455.951734995403	192.452789358761	27.1949595966403	8645.36306172835	2882.46031598886	21898.6170024096	9851.02441669695	822.708359260947	243.817616582651	545.200811478744	476.188870939031	1720.49431419217	38349.3790904993	347.849218396707	124.616311035384	2522.90451678975	940.102850544232	164.194103830968	1	0	3	4	64.84641752888
5	19140	1190.07219426999	300.205157619882	5370.85235984826	484.747301411234	367.546255813055	4.60063105274951	37.3215209470085	513.407436011851	442.7355771853	6681.6496371888	532.379847048022	26.384980042278	167.849824957451	73.3345364934714	857.249669555311	5610.0071854608	955.741116110898	14035.0180775951	1809.9943068685	754.224067961055	91.9309013044309	428.779342357162	1054.3997555424	905.739926098595	40096.7400271552	1432.52401951947	106.568269146525	1383.23947196462	733.980755487219	1502.382291333	1	0	3	5	39.5469617084465
1	1188	670.781249914131	254.966803517466	1443.53932624979	389.110681218202	136.31312762556	0.827076565759108	93.2136238568866	235.341156690263	603.182046001038	72.5238820571502	27.2995811646479	5.01565543694705	10.5367469971131	9.09325669772162	106.802996174032	1774.40672979795	440.213141301416	3404.07306657027	1016.639111046	416.217234289113	1.66647337024633	427.497567699898	1079.91697954631	744.341772427351	438.883743928517	238.388565380355	11.8932274097253	54.4051356699605	71.9089932362822	1070.27129732959	1	0	4	1	2.26629274149732
2	6237	594.29194261986	218.150873690803	2858.88051560591	606.087424623411	196.821376572473	0.556379612842252	87.4667632794486	256.714180800905	586.583224908788	64.8399560391778	20.2427467581917	10.0324741148759	14.8693701469092	17.3837090256035	75.4656353799288	2902.96416027503	477.331489510983	8375.06598406476	1540.84009607441	968.595549103796	1.43754653613825	321.705803541879	1399.46064475807	827.90740360901	377.20035235027	162.324961773912	21.3005032709328	57.1855672357278	92.0786488444203	788.5434294473	1	0	4	2	15.0894415250759
3	3421	548.218834088401	192.624838228212	3990.64346911157	834.648210527869	290.411918201455	0.165560468443299	25.7918965394133	383.453874990471	437.76828710922	107.367373788153	34.7095868216929	10.326461966427	35.0720285630131	19.3098541611905	60.1914432450284	2007.12640947133	368.434584943177	6764.51268341521	1740.74108991589	753.807219966076	0.521510574844955	77.894101515724	880.213806388669	640.946392434825	529.980914847689	194.062652504265	23.9486090648524	103.932493359672	63.1747999444892	556.46040884141	1	0	4	3	6.15277988298278
4	11220	499.563452323217	134.995104817606	3636.28713637055	272.831652589384	453.346362086849	0.039365533604008	2.79374358636705	876.629943183	553.479065114539	1441.22999192858	144.44010207505	146.701248101869	262.893322728346	16.6413547283121	325.220195066501	1847.16955757791	299.451187961917	6618.53132446784	904.734521573504	2093.28441114695	0.218249647492423	18.5293477489968	3834.47024415034	847.826874017457	11068.6580384659	1001.86252904106	584.153801376929	1245.74482452695	51.6994223024295	1073.08823882944	1	0	4	4	24.9659782039697
5	6171	492.546553436722	61.055337272803	2350.31842016641	77.1683145755321	433.228200317767	0.00519320851971208	0.156211394548063	1126.62256520522	427.76992614894	8026.90499873197	382.725890304259	143.020423595864	77.2138822005775	7.61446492739849	1524.62336769049	1490.45142141719	162.787221519553	4823.76249518726	286.317268253614	1651.60983430764	0.0507970665627396	1.10734805271848	2086.42012229837	904.763999353468	50283.5989306467	1117.03486723177	551.205084967207	424.523277429406	60.8651869353739	2315.60641894904	1	0	4	5	13.7490180898351
1	9482	1156.39257677652	271.793059876184	2783.88347408548	514.502800328109	319.475192493617	2.14556434967063	295.642178493781	120.4937582375	1186.52396122002	200.972887153276	45.4830521447793	185.951540453867	36.4955070809086	14.4631893225682	47.0840273909652	5073.45759580139	582.161446917305	7357.98561737297	2311.52199826127	1062.14680685009	8.08947321617084	1036.20801535708	538.233627467005	1722.52099379486	1089.16479308388	295.404427419237	893.998422688747	159.411337091878	56.9639471128194	426.57282761505	1	0	5	1	21.3885835317833
2	7700	970.668405120294	236.176967233528	4112.43052561024	120.927966296935	260.826268776717	0.727853074170798	55.0357230698571	135.621432180591	1192.98443963817	702.50848536271	42.6697597701663	406.826332414052	93.7088231713421	9.64133796948686	41.3040109016152	6009.23695975775	514.318300462923	6857.58139060597	758.626053883451	700.163137771475	5.31450192921161	231.719281530325	453.763510743851	1792.93594456861	4064.25972242131	183.748232176899	1846.62370268194	575.901591315583	52.8945458688495	240.788380301927	1	0	5	2	16.1702548251225
3	8206	1045.77604314109	242.317607909367	4401.01266098789	80.1674046057378	318.844470042794	0.195000218399578	16.9272046551954	262.080723097237	587.989007287282	2452.8996575899	88.1673956223204	956.943461334082	182.503476703837	4.63356137658181	129.525908056351	8526.07064619807	485.237111577953	7947.41237179864	434.436042772789	705.362326092846	1.47471208867596	146.557942213147	1025.58422186929	810.875766249829	14072.3490525746	354.131820378331	5073.34235171175	882.557836859255	41.8436994927083	380.308954230087	1	0	5	3	18.3433851034829
4	6094	1346.1091434084	290.708989722134	2819.62678570104	28.4855871712913	475.133916581831	0.0824619020291651	8.9198634174267	430.418332344063	352.940936283677	7466.51997206175	168.441238881865	2760.99722804883	104.228126169157	1.64869874337032	555.113082383353	10018.7515704577	678.744188645352	5738.92642492572	234.394008407358	986.2910088827	0.828174262110379	109.271319363555	974.493474808517	505.68604884421	33551.1461459849	702.253522050099	11096.3823299859	519.937005877587	12.5359187077305	1131.64203309748	1	0	5	4	13.9379440760578
5	5511	637.720744981581	140.432208434935	2333.47764856386	3.98831181536885	449.253438399409	0.0548149195884985	1.79959269390489	962.35880782356	181.094785924615	8935.19698461996	653.085889096503	2004.68484109269	30.8672313803092	0.421998356851996	1490.63633822423	2611.53238289643	419.384981083244	5123.81402332315	54.6185342247935	993.140030696022	0.448199863095262	12.6225570402805	2086.25002711686	320.972214641392	47860.1034866349	2550.23705775837	12574.8321067985	150.857089809514	6.68348613559225	2614.04107381194	1	0	5	5	11.7588623049778
