STRATO	N	M1	M2	M3	M4	M5	M6	M7	M8	M9	M10	M11	M12	M13	M14	M15	S1	S2	S3	S4	S5	S6	S7	S8	S9	S10	S11	S12	S13	S14	S15	COST	CENS	DOM1	X1	SOLUZ
1	2574	237.90656832364	2288.01028263756	1150.1987110368	0.164932617211035	2657.16053549107	2070.09411157747	919.387974563011	1465.90645621506	0.0238283699271809	0.00106564913919526	0.00000348773446802848	0.201854171566749	3.33218777961865	0.0859632354556951	0.0576181573037745	335.037791031595	3519.2321784004	1451.10368027074	0.499902859344288	3255.48199566074	1029.12190757641	743.574188683517	1362.80860333744	0.0542267175664452	0.0066992815232239	0.0000104291213047937	0.114806022167736	15.9800124046589	0.23872940604785	0.213281180155937	1	0	1	1	6.98278655550739
10	21307	4159.70531561594	705.882117625755	195.558612641698	459.643506636872	382.047933271042	409.969470450794	45.5934786624519	16.570832984744	515.574330629167	2977.07085771441	198.446524309269	10.0780393798018	17.3306174391513	50.698277456868	338.232783676023	4349.14517970227	2201.46979175405	275.684262581249	602.945373832824	519.404246269514	399.317185787289	273.612024189425	131.069290989344	765.242623435608	17498.6428844318	308.333518262741	41.0563343609211	86.3629549444956	168.386153579056	491.290037978301	1	0	1	10	54.3177787593913
11	12199	2956.06187405438	631.093418344771	127.69445336398	373.357724299151	229.568159046694	264.786463096663	43.1710052943373	21.6741102765055	523.834137353037	3211.09444248135	316.868233134622	30.9784144558234	6.49764242567419	31.1710364742081	659.30496922342	2946.83640623896	1145.05233219	186.573369150682	459.692892531365	451.131648527815	195.91259869143	148.79275769713	88.4114585277874	686.152191362678	14615.8036626566	374.757815852345	145.478494464584	41.5955206210441	173.234207248877	737.662508769283	1	0	1	11	27.2213317383228
12	2849	3107.56880659982	380.185558277966	67.6351225774513	293.094992984608	67.5240899465955	436.547951523631	10.8919363805727	3.20904082741267	612.748995668107	17055.3225416007	267.529212803774	104.646124192009	7.60305148353211	141.430371165764	669.673183968502	2594.87066513268	604.773644698253	121.176420654532	318.4372853921	162.268575807572	384.907251005736	37.0385418093817	14.5702676035478	1086.4021677296	83628.3981449354	393.02834539291	178.754403436207	18.8878439307641	264.211915007105	702.881746122354	1	0	1	12	13.4337949761571
13	16203	2766.9755969644	326.651590261683	138.047507480791	105.238708135131	88.4181279748194	843.066860824323	19.1276786582285	0.338848183943271	139.686732386439	1313.56294603769	51.8213940621602	159.960604003247	3.74906432254751	93.5397979925936	100.48773042292	2550.72382060314	345.111678393899	159.894358989613	101.697622254007	161.75922871734	799.74547833504	33.4308969109709	1.22319357452693	249.229316738461	4655.42038718727	88.229617809491	291.342552689436	4.29690294968959	178.787404882048	198.789023431011	1	0	1	13	15.1490606644025
14	6710	1391.5827411943	529.94916655488	34.3495894982979	184.086589835658	23.5093245914014	108.0410698205	48.0479827298283	18.1086520717521	590.853534388883	2503.70619983465	777.717185488449	64.9143846614111	0.523176290343916	8.03027869539639	1433.58603449044	2280.7256906541	1019.10169782896	89.1915503781655	164.875678948239	38.7252762804709	158.64005357778	146.863840998379	85.5124254966494	573.280065707459	10073.2775528268	741.264163023246	211.793267624564	3.29032811059633	25.3156473847721	885.110490598608	1	0	1	14	15.9184843732895
15	1298	1576.51128684089	293.683017474953	43.594406448153	175.517336747057	57.6522077159648	99.3494530683236	31.4129158550434	1.96837080003064	1422.18651031224	1219.84363964968	687.768729290473	49.9492001326559	0.304056755331208	4.66166653418118	1459.19675129073	2365.2135176083	485.616450444505	106.414955380689	223.249740747354	87.4404776275359	194.70706635851	47.5457048103087	6.44144149192281	1345.6756535096	3123.61115774537	621.123146706091	142.154797187247	0.921724799726529	11.6159922434098	741.43820957504	1	0	1	15	5.01715263267102
16	3102	3427.51658593735	547.621923957175	224.873459334673	186.077719789313	155.833856887297	1037.75567874054	320.283342621503	4.17720800120554	249.829502741569	614.114087728661	234.486845587616	91.2430246592512	1.0185366914073	14.951888248421	490.587320052288	4797.92566980036	534.627374281498	214.166013455479	155.869513176005	204.223506623067	1019.7130345765	300.93396186706	5.49001094650533	480.019100594438	1458.2700526208	439.776675411563	143.174688513441	1.2230177219222	15.1346255507817	859.31594782277	1	0	1	16	5.27850042337606
17	5786	3042.33834730094	685.270639513866	254.229791745395	562.585670742859	50.0507167073813	448.906764814069	104.201602838556	1.20897958480725	467.72123881577	4900.20685459335	446.190463335472	219.603991781	0.611459357489106	25.437470042249	708.652931844774	3108.13521849204	849.518231485651	211.897599020872	582.772438466264	117.989352104872	509.19020178233	262.015039580621	9.11889754465189	649.932405649067	10826.6275912658	1324.02839081495	434.391333134469	0.938532903788553	37.7020397375525	1015.94686533199	1	0	1	17	20.5722107759471
18	12430	2815.09928209277	1006.89552062121	300.178605840841	353.959901728121	94.3721052658099	720.987341789917	71.6085891671925	0.0453066147374191	316.642960430018	1926.28378573256	108.215499775667	1076.51261404902	0.623047241593355	23.4346605398324	310.441401450421	4305.46643868074	1355.17817603883	283.076482823976	289.702812822121	324.124485326774	968.710099685094	152.941980919741	0.398739726003701	438.764874760513	4718.76937842037	286.151057074662	2318.52175528967	0.871296796048666	48.0783018461641	496.814312269604	1	0	1	18	39.3893483652393
19	7986	33.3867195446753	441.380142935068	0.272461558658671	14.8022218783106	8.08715185259342	2.91346622062916	28.6829232363146	3.65560590450889	813.900532965842	9.53145888632012	320.961942561905	129.514680843772	0.000355811287999994	0.0130814889290242	1788.30395687572	71.0004716293904	700.897011049663	7.06759511065828	28.6171719550907	17.7960174570044	6.83460237736692	93.5245390282232	19.8024665780169	582.325870873114	64.2445185352125	658.22399345017	686.576157494072	0.00665961728173946	0.363615464659895	1179.29019409325	1	0	1	19	18.5078507111659
2	9966	1860.06928694777	1938.1968730125	2088.11081531824	19.5208523600874	1930.43096058051	1775.99556516686	1577.77027707388	1073.45602435972	1.19303899297384	8.14263661304146	0.0237586108287038	0.291009006485943	233.419002818602	10.0098553559442	0.138868709382618	2530.42263386463	3859.59382301052	3156.70463638952	35.7976382982206	2545.4068420615	909.361828679966	1194.19631135741	1061.30842033693	2.93389695900126	52.590817203052	0.0935344488758142	0.279556452720493	1670.47295376635	32.5672348904135	0.521411118233733	1	0	1	2	28.7210691462706
3	8459	2694.27543166785	1470.8287046205	1537.73933592845	62.165687011917	1393.33172876559	1631.29538162874	862.114415514276	463.151498272197	7.88328876989745	132.367132778593	0.225930009882633	0.653787132257083	442.47375599167	34.5294133984052	0.778558686210267	3075.19309640944	3443.40274361712	2005.00862338072	106.776824207717	1645.18856476835	740.253980941106	652.18016770306	616.133095473446	20.8671530493929	671.378576913703	0.606184825629075	0.799805511794461	2620.88641289174	109.907260973096	3.06085427750437	1	0	1	3	17.7476939725093
4	9713	2376.95789946932	1544.50476396028	1831.69554692974	98.6433580732981	770.200528487715	1984.29746657996	1058.85296208625	680.109179910278	15.0362249994263	173.027852301989	0.362930514030857	1.11935686353675	330.645670110535	60.3786738391809	1.01554409126023	3609.44315320357	3475.03452959638	2844.52139229287	215.999851059081	910.469898755018	1102.02958212415	1241.60428816229	963.316407018973	40.9752649506668	1278.46998850036	1.77964638321636	1.82147486809141	2136.46281358862	501.899936751566	4.86820174656199	1	0	1	4	27.5663018316323
5	7480	2480.99039443826	1487.60400750774	885.620105359693	55.8699879722715	1228.34806639921	1741.8515109194	567.595464404282	365.598331218163	9.28382173620975	58.0033349901593	0.296495898811683	0.945506229054601	194.284079093663	30.1805240585523	19.2033413604702	3208.80491826727	3393.22883967659	950.365094165512	108.981592138075	2162.50345250038	1142.40876426819	904.062508820019	712.074262255241	35.30009412536	335.748683674806	1.40361311340408	1.79570755065663	985.636805835624	277.908457005388	113.674179123822	1	0	1	5	15.1639146953187
6	58102	6221.76346994714	1698.04414101866	1027.3005599914	321.491337499186	1069.07796298609	1329.40647765196	522.853986229186	269.721420478986	47.0061570324529	1049.49483369394	21.3025794510096	2.15804719027626	553.688648055935	183.645493294399	34.8133967514649	7657.07208886983	5226.14158760843	1236.96908983846	476.923036537826	1867.89104074515	1184.3660706459	563.78276932387	559.890627158465	104.938378185134	6896.10361465397	52.4311155059152	12.0265801190753	3294.11159250486	1277.43241903985	159.139089416199	1	0	1	6	223.872767699321
7	24959	7786.81031645503	691.744241949046	1316.29817582487	283.404724023638	408.531134499634	2286.07616511538	624.85567956422	103.80040555367	142.46734805537	3991.75803207161	21.9822580389315	5.44620543847643	108.523857625833	216.109014933939	18.4500146408498	11966.0712472475	2605.85986023576	2241.91778221322	364.888150934491	547.269006493686	2441.20039601788	812.361921977974	223.335890593134	241.652464837965	11520.0363150823	54.4444462945417	9.59557680272976	283.766467116092	763.835390193164	86.8480290832299	1	0	1	7	67.7405381553142
8	25905	8082.87669136389	967.861841641405	511.378331306468	486.060140110155	778.036146362571	599.935997498216	148.270316106527	49.1539670395785	232.467032771391	5422.23844766229	142.421847507437	4.60691086822718	112.240373995182	189.805253470247	145.855779444986	8734.69278727507	2950.33112060564	854.645909844691	583.488818058389	1037.57094055133	496.684831565844	395.581565124875	216.700346271999	242.166458043988	18220.3364715482	177.483075290824	9.28545998861675	595.523956536628	1097.95974645938	319.253992821823	1	0	1	8	80.0336825398108
9	14124	3843.9242367786	398.614015022838	212.486328978509	179.93526423946	391.652094760218	467.865804101798	71.3621849472406	2.32449806153818	278.837693771115	833.238276250959	120.670888594645	10.3221213264579	16.481383610383	57.346402333935	171.173947595282	3149.86099955478	1106.91859045485	318.834799558937	254.24658006842	442.394491477875	448.724438045939	121.729377006419	28.125790953465	359.398044702538	7884.72896562803	201.312292356335	31.1327589295796	102.055615699014	434.99161202503	345.771564595041	1	0	1	9	22.2793936761717
