STRATO	N	M1	S1	COST	CENS	DOM1	X1	SOLUZ
1	18139	125.254109789022	406.536678353354	1	0	1	1	39.1971598005082
2	1144	650.603614619065	2037.14422252885	1	0	1	2	12.3876613806743
3	1782	1658.2477065066	5707.0346405629	1	0	1	3	54.0579699615415
4	6380	438.699532768116	2342.26748958835	1	0	1	4	79.4325845096692
5	3696	815.917220833489	5962.54338281642	1	0	1	5	117.139951198296
6	12606	164.32992608606	952.559896371704	1	0	1	6	63.8279829613937
7	27819	37.0357708811181	151.574839089958	1	0	1	7	22.4135245230737
8	3795	142.291808865438	1006.89254311302	1	0	1	8	20.3112395880113
9	175791	8.28376922076747	36.9960487211576	1	0	1	9	34.5695322796179
