STRATO	N	M1	S1	COST	CENS	DOM1	X1	SOLUZ
1	1727	4.51940771125754	12.7135686188026	1	0	1	1	2
2	4092	17.7304893700013	38.4556609064232	1	0	1	2	13.9459318271636
3	9517	51.959606228608	106.707420932229	1	0	1	3	90.0007908927053
4	3767	190.575037128485	274.172479947712	1	0	1	4	91.5316125915791
5	2676	395.849349062125	473.155821146325	1	0	1	5	112.212678701567
6	208	1140.80843268886	2251.91814336786	1	0	1	6	41.5114179369572
7	114	501.264220519827	611.547911563924	1	0	1	7	6.17855578156952
8	1113	79.7934751551648	135.899286673075	1	0	1	8	13.4049122289389
9	125	283.820128485429	270.276286307651	1	0	1	9	2.99412266744727
