STRATO	N	M1	S1	COST	CENS	DOM1	X1	SOLUZ
1	18073	2.41547315732412	9.0968974211892	1	0	1	1	2
2	48609	14.288249714	57.2726919291287	1	0	1	2	24.1954294345182
3	58289	44.9158288262799	231.496044749557	1	0	1	3	117.273323063784
4	24860	29.5431791631888	77.4938648170791	1	0	1	4	16.7431626714725
5	7601	55.5017453358641	178.662509573635	1	0	1	5	11.8024783958466
6	15037	120.478509753606	366.196027174246	1	0	1	6	47.8568246907204
7	2266	1308.91671876159	4174.50046938888	1	0	1	7	82.2116702016443
8	50446	145.532690643385	390.394065010395	1	0	1	8	171.158705750817
9	25971	714.196388041669	1123.66914806187	1	0	1	9	253.627406451111
