STRATO	N	M1	S1	COST	CENS	DOM1	X1	SOLUZ
1	43296	7.22790673444246	24.4264109029592	1	0	1	1	3.76889210323122
2	25245	22.8780440557224	52.1658391401198	1	0	1	2	4.69318683697347
3	29755	58.8342423426772	111.359996931213	1	0	1	3	11.8085190882472
4	46805	186.445085147477	255.653461072875	1	0	1	4	42.6432402606848
5	19723	317.093872140614	332.879041905775	1	0	1	5	23.3972975735914
6	18557	518.491570198211	861.031262469347	1	0	1	6	56.9420317272055
7	29502	168.676654204972	337.012119796586	1	0	1	7	35.4326185780353
8	15367	501.811161322482	672.368274061194	1	0	1	8	36.8215931639778
9	22902	773.847879258014	676.07674176685	1	0	1	9	55.1792352445238
