STRATO	N	M1	S1	COST	CENS	DOM1	X1	SOLUZ
1	62249	64.6838330280658	266.455299071683	1	0	1	1	93.7176258431781
2	6270	694.954740122225	3237.41847855011	1	0	1	2	114.69141726521
3	17259	61.8828453890945	270.790462226555	1	0	1	3	26.4066634029133
4	10516	111.632401588525	746.524196379496	1	0	1	4	44.3566770118044
5	4422	429.616860940335	2044.90008276675	1	0	1	5	51.0922899452079
6	38159	31.5959339037356	100.406458673391	1	0	1	6	21.6482688190493
7	24849	322.417890792051	1045.52650978299	1	0	1	7	146.794066819727
8	6215	358.89594583754	1914.85773107675	1	0	1	8	67.2422416241641
9	81213	63.3354890691425	212.516962890634	1	0	1	9	97.5177543294681
