STRATO	N	M1	S1	COST	CENS	DOM1	X1	SOLUZ
1	64812	0.492615927342751	2.20917997191596	1	0	1	1	2
2	33418	7.02823850780624	17.1240518530005	1	0	1	2	7.94102249884553
3	17809	20.7391655231187	35.1318167873194	1	0	1	3	8.68219589850135
4	28116	43.5565454876091	61.5566899241335	1	0	1	4	24.0169708389006
5	30019	99.6052352422637	135.140316082841	1	0	1	5	56.2950991997115
6	18986	183.657873924552	216.775591278991	1	0	1	6	57.1127791246293
7	28567	305.41367163763	381.253432017343	1	0	1	7	151.135968787176
8	16192	745.907216081079	1008.49721427796	1	0	1	8	226.602468022369
9	13233	81.0108775537802	177.953950655243	1	0	1	9	32.6779936487155
