STRATO	N	M1	S1	COST	CENS	DOM1	X1	SOLUZ
1	80993	2.68849004438508	3.70491002131072	1	0	1	1	2
2	20020	10.1337295965123	25.3003602784129	1	0	1	2	2.49748686634304
3	44198	166.441534265649	325.093774555601	1	0	1	3	70.8473654129673
4	32175	83.6186516543387	171.580555665931	1	0	1	4	27.2206856246696
5	11011	230.848684233874	315.552585433634	1	0	1	5	17.1321133769368
6	29205	293.987978590956	653.595803463709	1	0	1	6	94.1193458247752
7	3256	1328.84681575831	2588.86173242094	1	0	1	7	41.5628850905164
8	2992	334.507394656939	770.859301595229	1	0	1	8	11.3723218100911
9	27302	42.420974301994	80.8102667094083	1	0	1	9	10.8786107330831
