STRATO	N	M1	S1	COST	CENS	DOM1	X1	SOLUZ
1	6600	6.54415281295117	13.7315427382038	1	0	1	1	2
2	54725	72.7999434146361	313.592255037353	1	0	1	2	127.851416809156
3	6578	411.654907320416	2581.80675366905	1	0	1	3	126.523747973362
4	33121	151.761268918007	978.054729856842	1	0	1	4	241.33540806055
5	27027	25.3455077152156	73.1671298804492	1	0	1	5	14.7322238010096
6	16797	125.185752173717	432.566865353951	1	0	1	6	54.1301734043062
7	18590	463.744658915653	1988.64103210064	1	0	1	7	275.416676053321
8	48103	92.3242458627652	308.225396730863	1	0	1	8	110.457454203335
9	35068	35.2158578243014	74.8592829605121	1	0	1	9	19.5573995143065
