STRATO	N	M1	M2	M3	M4	M5	M6	M7	M8	M9	M10	M11	M12	M13	M14	M15	S1	S2	S3	S4	S5	S6	S7	S8	S9	S10	S11	S12	S13	S14	S15	COST	CENS	DOM1	X1	SOLUZ
1	4169	1386.35275564785	1937.21052738979	1217.84759760297	66.7792147125996	20.4240332571041	825.965759856164	940.248860003818	428.182807160236	2.39595117166284	826.328988863381	8.20025227801883	0.246688247768948	339.612690947549	85.9340563856147	7.74694406792975	1429.14386684693	3266.19968906282	834.413707581448	79.9661266877576	27.3123201267113	515.178141090129	568.707439275856	240.27110460343	2.61466526579576	2433.36206827822	20.5824766647006	0.133302912502472	468.601863595682	143.958674270271	23.3513065579365	1	0	1	1	6.01797197578676
10	20702	8453.15232372197	885.60133684661	1255.46221904389	367.542786589344	370.716103768903	1858.09503338027	545.768387733442	70.5937685852368	175.247300027541	6489.13516619433	50.2329708349455	5.29393964607661	80.4537593037474	109.140037810285	46.7675191423802	12476.5180617102	3064.11167968469	2416.038100743	491.130891706592	509.54403240187	2242.82521196975	757.405882282931	158.527368196024	236.995713776313	18862.4064737916	102.387821176513	9.86044307274131	222.162256685984	306.511793017759	228.079831702535	1	0	1	10	36.3383682116279
11	32252	5226.26248774802	546.560677821373	357.24468575629	379.009979758104	373.914660596376	627.60183761342	46.744909885397	11.7431362588256	311.061801535269	3516.36399604364	232.229789248805	8.28595089114439	65.9342664729898	232.982714050219	326.967827085625	6316.7057949551	1497.01125285898	660.04537528227	470.988209217746	517.392481836691	1146.75828994881	134.536313429106	65.3834271336792	425.35500400782	13062.3937311107	315.682895326872	17.3646606986168	273.434530220025	1150.07287841854	540.578568095249	1	0	1	11	58.7974303772498
12	23221	3023.00157632595	350.947660923624	146.938975895341	275.516412955305	357.067546204851	458.928731209236	33.7650691455262	0.814255260350006	540.860331971353	918.054069175299	129.7808436753	19.8936754332833	8.58707495990758	38.0757074079199	282.618623482868	2104.18934829673	686.198634497992	177.985755730139	369.548460988195	380.977951193131	483.931089157312	74.6145642201048	9.06876163126178	780.443722328995	4627.39176754918	244.535042462731	97.5245740838455	17.2335447220888	105.593460067996	443.472413076206	1	0	1	12	19.516171613998
13	2288	3382.85831269592	337.473548915794	85.196475098516	325.605652568232	87.7015819871507	487.619873633642	5.59792121121208	2.49605063120016	653.113779569888	16399.7869864905	171.110651381018	120.200383738329	8.04905628152342	181.03051362693	527.147410041037	2694.8221972114	407.601993414674	176.937451148189	344.314452587079	176.286768643085	392.481190120335	15.8757602269461	11.0523201606135	1142.52566618992	89564.1841889383	261.726283615008	196.402460401758	20.9890126874351	373.105757600953	633.135245965246	1	0	1	13	11.7702431180316
14	13398	964.060960515181	500.848015550101	30.9758239511924	156.787700437738	46.6574999772933	155.226993770654	41.1309032894315	12.2938810579358	565.387516007607	2581.43452512297	602.551798915082	39.6408621267036	1.76849199671721	37.5279215617678	1347.03517103232	1206.28083494911	880.276497305333	94.051310231378	183.214053954604	133.652042625636	273.549228199903	122.389280465141	63.851045392983	596.542280605623	14608.2393371833	660.397630675304	129.349094918718	6.87633388358236	127.996700235518	1008.72205793769	1	0	1	14	28.9220203897453
15	13035	2718.28372354134	343.767633597928	135.44891916162	100.499807154467	67.1778996632023	923.803906045165	22.794782384453	0.34069175080763	139.441588322788	1048.45099827178	52.2745034703015	174.312487496319	3.76612983409547	80.1225101378185	113.203681650223	2729.37300588514	349.907267143497	154.366015172469	90.9974936922466	116.898467917169	855.968928161089	39.795576387654	2.75072810526778	261.434433599463	2510.31440968492	118.390626520224	291.289100485243	4.11638711535111	171.084266626634	248.225069302564	1	0	1	15	7.7233941072089
16	6567	2570.98961430345	319.513951554467	121.633868163534	121.109796985321	108.749076243764	429.473021332883	89.349416366324	2.59452393060348	648.073369984245	1388.3488051107	311.681213027888	122.669480502377	0.688264159077038	28.3098528566897	808.593844341527	2898.76264241132	393.327830034196	150.140468339702	147.723298311537	177.249284914813	638.138113053183	173.888569325346	8.3703137478024	882.908761245204	3330.65226899566	440.978899392937	289.398889772586	1.04367584184519	53.2409009151488	976.307594292274	1	0	1	16	9.07432202964076
17	4807	2418.41894241155	780.320853360112	162.865071418332	302.073393437416	50.9705377909033	461.204084314752	208.97437845019	2.90659917786989	465.613009189127	628.618864134098	100.236466286147	60.6976030733946	0.499809172029054	6.54431416908166	1093.35037735238	4564.8709336949	1011.18843701616	224.521944049665	561.837193719458	128.306452801956	836.594140555852	350.438655162882	14.5997158160393	567.49615391049	1638.86416846553	173.886927494622	124.917732504115	0.953889155821279	10.6327347792887	1198.27210155331	1	0	1	17	3.3567208450765
18	3399	2923.2683755491	431.352416484122	217.84162542295	475.941846132094	43.8514180179891	423.876739394036	38.4019248846518	0.659730350932742	602.990619955686	6261.36867009527	723.573558581367	177.524655416836	0.608466171694544	30.102919647158	927.020076362599	2825.02990304623	537.897121743194	175.956822214343	485.29424046595	98.855186782391	441.87801354743	110.598255815807	9.61611238409328	766.79142822309	13375.9663504063	1854.22054749207	271.15007579537	0.922178297789843	41.4610190756488	1337.4780619214	1	0	1	18	18.7926353504587
19	14333	2578.56372297245	939.92669762139	280.7424154174	337.727584665706	81.9053393842885	645.358064382257	62.6057620337102	0.0402605727066079	369.042204142627	2015.02374953953	98.5169651506935	1026.18651437873	0.556597541862565	22.227196642341	398.505898216012	4134.67956184981	1293.29194217878	286.527503870816	305.396057153831	303.504612575538	928.027574561747	144.31697570229	0.299008921021327	482.189210305247	4796.53377223573	248.640617598449	2223.72623350798	0.843285087471903	46.5989921225084	648.911999504264	1	0	1	19	45.0324197570161
2	5863	2479.06372593961	1226.70087489222	1349.95196254399	123.670741862198	89.6499628055556	1389.79727593157	787.58189225188	426.2000261117	1.86024174445833	553.317012314795	10.3692266865906	0.173853779253925	96.8199239184869	47.9297880586165	17.2790771170987	1507.89973198433	2632.31417181965	1146.71125224555	173.089033460769	108.34259768213	847.673287685766	493.257659910208	447.667066825862	2.99844994828311	2625.22430212492	28.8672662843106	0.0915942122787451	357.138564307235	180.175149250405	54.6098274797452	1	0	1	2	7.45784116454167
3	7128	3276.15801394173	3861.0374031681	1461.06645837642	200.752939530108	921.821735861246	1392.33743825547	874.063241937996	1051.35268847869	1.07778070249836	333.054872944851	8.64851253597701	0.142052566180172	465.133090458166	166.270159169008	20.4463966437075	2634.69407043918	7542.82438977893	1445.49670683081	238.100753376301	710.038945074199	929.726491428447	359.176170336317	1126.49515656341	1.52396794151355	1801.20417106768	25.5145489790114	0.0740853398066706	1677.82964364398	408.394191349014	123.756029986914	1	0	1	3	25.2338338667903
4	3344	1437.16040354842	1791.36921382292	2018.79269639381	49.3488223954658	1810.86827015719	1631.92693262039	1629.15373820172	1595.91617323219	2.11478832720375	145.950684821727	2.72300747603119	0.149118768383935	45.3967624012809	30.5486969091894	16.3300376136031	1403.76642618522	2279.49398055729	2751.82973486516	100.237623754024	1831.53046801268	844.3664745094	965.976026494567	1504.98900653742	3.95781329754488	627.938676792607	16.5448335798495	0.0801747504220442	168.106140141631	119.966222991424	67.1718591312185	1	0	1	4	6.82004671267146
5	12661	4607.97510672527	1296.05784762111	912.452351015201	261.324446543684	2490.62072672093	1244.94471157885	568.01372408214	479.784715480507	11.7278748899403	801.675676080942	27.8608004928987	0.252638767718621	326.221671409119	58.2955905387523	48.8199718142523	4545.69662395994	2389.56522224671	1249.75509915641	366.8096173984	3054.44951521412	686.950066807966	785.01500807938	817.463312915344	18.0248436344997	3690.61822617451	60.6099018253636	0.192868256969229	1176.16236663696	179.235989280476	178.475384351762	1	0	1	5	18.7027360427713
6	9306	6357.85682552213	1679.53738701712	1900.95208963387	324.661964327228	1212.04513633595	1446.74910337604	1264.92010107967	614.192465447475	26.4588830997539	979.320485459698	20.5120073342791	0.4317853435461	861.416246351233	58.9257744768335	66.323261289878	9303.86489565001	4228.40272507885	3206.42028623419	611.754306719935	1148.62587849846	936.956491697965	1208.84474158991	778.369402728888	41.6922753616396	4764.24979170485	64.1104769066963	0.336815471902781	3770.44595203409	177.014345198297	277.134053316463	1	0	1	6	21.1584159520675
7	21945	5147.43813569201	673.461435227232	796.582256962039	321.082102562615	933.297828235296	1117.7462453711	465.876559452667	93.2387929351918	56.0055293993999	818.967489542111	28.3492190809295	4.4906592182541	557.681523442912	71.9217320152437	33.5080801299483	5294.02220279634	1958.6358508517	1128.82294660095	513.839629176475	1175.12118945589	769.084721866644	507.888321752043	186.647303718758	85.55736321132	3718.79969368515	49.6928585227966	19.2744007059464	1701.78447195682	255.71862840315	154.690803868833	1	0	1	7	22.7475976443688
8	4532	4257.43702215	895.350086588283	915.764424807885	557.212847142637	642.136329222367	1008.57672023436	295.820104360674	39.0330088294602	140.43228382253	2512.08119064525	29.5275489731471	1.06849718842842	1767.54731879951	1008.6997638823	41.4901858939988	2943.36536596958	2895.44956154299	1274.42482363639	725.532271470895	729.591710202017	581.054906501312	372.886528174445	84.9154792794014	186.423608703167	8542.27492498993	62.0057128738335	0.677349884660545	9709.40850234888	3942.86345430725	207.062623262774	1	0	1	8	22.8627968389615
9	48202	6491.17505015281	1838.97153782465	1113.02203742414	250.849609672817	1159.50815754447	1711.01879224572	577.599182726167	309.284258138389	91.6560844805171	1783.71864132382	34.3865821789488	1.34995278673972	152.801804933477	89.1855161686848	45.1344251364417	8911.07513916745	5371.62260448921	1687.635763657	465.252297533287	1969.67411008357	1600.26401003894	900.157239250496	626.223044031007	183.746405306464	14435.5215603304	87.1380649709951	1.83432231644428	1461.12994349777	719.966075964241	198.870856268602	1	0	1	9	129.880403640843
