STRATO	N	M1	S1	COST	CENS	DOM1	X1	SOLUZ
1	28996	38.0495878530299	530.296226882867	1	0	1	1	2
2	41943	235.508723885029	1549.92400589621	1	0	1	2	7.08197923012419
3	36223	868.553999882238	4147.08506129932	1	0	1	3	16.3648531540022
4	15510	1947.63604770893	7197.02062078312	1	0	1	4	12.1604402526165
5	45331	3842.01005417594	13341.1473822964	1	0	1	5	65.8829800350053
6	37664	4771.62308847365	23552.5877049689	1	0	1	6	96.6384207797789
7	3003	18702.9767804076	93416.2748277764	1	0	1	7	30.5606530563025
8	23914	1649.75988898915	4788.18551859198	1	0	1	8	12.4740634039773
9	18568	3659.85183879611	8391.29017134162	1	0	1	9	16.9737820032853
