STRATO	N	M1	S1	COST	CENS	DOM1	X1	SOLUZ
1	16302	1480.44905592201	1703.70509406075	1	0	1	1	93.0440642849066
2	8778	2126.14334442752	3293.50255289821	1	0	1	2	96.8516319230674
3	28424	1089.72966523735	1309.67279933817	1	0	1	3	124.710024383762
4	42416	1433.24865936258	2258.0919955365	1	0	1	4	320.866741270742
5	24607	779.926890646552	1132.19782926787	1	0	1	5	93.3328116364506
6	13926	589.343327161232	900.245072984597	1	0	1	6	41.9991504766056
7	26576	335.422089140319	547.276145017743	1	0	1	7	48.7247360695499
8	74822	122.053746302354	166.055995081098	1	0	1	8	41.6233694792748
9	15301	282.15172819709	280.238126103875	1	0	1	9	14.3648269122644
