STRATO	N	M1	S1	COST	CENS	DOM1	X1	SOLUZ
1	31779	4.27868225858077	10.042017516683	1	0	1	1	3.44148536166256
2	44451	23.3603786453538	51.9175055593452	1	0	1	2	24.8874315583
3	25531	71.2648802394992	125.811406147166	1	0	1	3	34.639575959881
4	57222	224.039881389996	265.184788254891	1	0	1	4	163.642598139716
5	25949	399.526380822439	541.0890633611	1	0	1	5	151.416815105102
6	18491	682.72389726932	923.735139862109	1	0	1	6	184.201256601359
7	16357	148.887167263568	255.198840973001	1	0	1	7	45.0160180557851
8	11759	780.137534273259	763.053761065379	1	0	1	8	96.7632067904813
9	19613	369.105985070433	532.206556341869	1	0	1	9	112.566450975202
