STRATO	N	M1	S1	COST	CENS	DOM1	X1	SOLUZ
1	11209	2.47365774091304	2.89257249762874	1	0	1	1	6.47701807167233
2	38390	4.2084133866418	10.5808256097042	1	0	1	2	81.1449796395918
3	3817	11.4260594029598	27.9615450211092	1	0	1	3	21.3209873111762
4	82544	2.21698737781649	5.73620966233771	1	0	1	4	94.5876671016733
5	24937	8.45742855670077	12.0970128851536	1	0	1	5	60.2623877451661
6	10626	43.9424986951823	87.0446403612722	1	0	1	6	184.771861351735
7	17424	6.89133747836595	19.7647378717861	1	0	1	7	68.7959557233892
8	25432	2.58829047264429	4.65380307674013	1	0	1	8	23.6435401630353
9	32230	19.1048244444167	35.927802218771	1	0	1	9	231.320937515623
