STRATO	N	M1	M2	M3	M4	M5	M6	M7	M8	M9	M10	M11	M12	M13	M14	M15	S1	S2	S3	S4	S5	S6	S7	S8	S9	S10	S11	S12	S13	S14	S15	COST	CENS	DOM1	X1	SOLUZ
1	4059	1170.86464334642	1811.36334079402	1275.16222199561	63.2809577698708	18.5415965680515	839.933215921465	920.214846611702	426.327494202169	2.32377879004514	1157.93412806762	12.7526332163869	0.252845951400525	356.115238291276	90.517010524039	12.9100279516567	1176.51248045328	2916.15709537368	838.599624039299	78.1451734293241	27.3701981911042	521.35618759966	582.973540219046	244.053107087552	2.55726512131759	3955.6015015882	35.1884357501239	0.135328297049697	479.289621135316	147.44726240796	35.8476599918899	1	0	1	1	3.56497848870493
10	52096	7302.65437403144	1705.47802698104	1127.39098420114	214.892064902363	1052.02581771426	1832.69571783874	651.020785514733	262.69460153839	91.0459646055163	1439.08891092686	34.5988746724905	1.84454767843593	143.142780967652	88.4718056999738	38.8788157895227	10092.831425891	5029.35015724208	1873.99600996731	372.711929991429	1910.41962125543	1769.28998112452	947.523207882614	587.906487161526	169.05116433128	8482.92529485694	91.6907818763705	4.5778004306875	1407.18085063551	693.570480952929	196.709056184731	1	0	1	10	120.689653685431
11	19074	6980.21971235037	508.272905843366	619.949697155663	419.545788685533	453.766499328996	1231.23565870078	127.809733337924	10.1520119393344	278.097861951445	7204.78337588001	150.973470447311	7.97671231193319	88.7289805605659	265.73741759155	185.693093240005	10125.9676070065	1106.95497485981	1100.97632907351	501.818608193445	523.504097252536	2157.3670743054	281.660548293269	41.3461618824784	308.192845994151	19305.1631998643	275.981826772293	11.1034224450326	200.636048425886	812.764582465313	391.695754602943	1	0	1	11	38.7181622095211
12	7568	4965.14194096534	323.686629197148	498.996393260466	313.854869132195	355.623927368192	617.972651855614	37.0500430959687	3.74840800615208	259.976969101486	2639.15097093035	237.289009281423	10.3431692723058	141.469318481972	439.449285776867	289.140991181928	4881.44311718124	581.657378855088	994.920553805291	297.858272062195	459.853580212133	658.997038139545	67.8162814186753	44.6183052229415	379.30124572369	6393.89314997945	267.68444415581	13.3545878381494	500.675425460355	1990.80916834191	506.036654749082	1	0	1	12	12.7998068743164
13	19250	3355.3975099432	477.226034995814	173.763063779223	209.578594165637	291.458200747791	391.1491847654	70.9281025771725	10.8110211628368	345.895252028061	1445.67245861356	231.205902869896	9.31880240204485	9.56944676564379	33.6505547727208	387.594028542495	2709.20481844535	1033.70827920531	247.240121218557	235.392625636226	424.930730893949	399.163434287869	129.205460440476	62.1833412582465	531.258295943872	6812.53013158523	351.495977834232	27.689937347359	29.3593446904675	212.95760777123	637.856798831192	1	0	1	13	23.6027610925158
14	9548	3221.98601418933	309.705151331314	126.905834026878	400.296608960646	426.801736006126	476.68631532817	3.3308969492286	0.063340779617382	784.652347779718	539.96459514403	123.59759518701	7.36359846285572	9.65437471615883	51.9215213657033	342.362673699596	2135.609845701	205.170212957705	131.422204185238	459.165105083399	394.108912414512	517.323084904549	5.782365184798	0.389164204648177	1013.96256229711	1345.09150645341	243.164942480741	7.20074908981735	16.0809340782192	88.8834140274356	427.39664887345	1	0	1	14	18.5492190945142
15	9713	761.857430282364	534.402309613351	25.8847963840029	157.695794356249	25.4399663734086	111.755965693428	43.8878097748399	14.4083772821252	573.370649901207	1526.77482138432	692.297617658919	13.9597033712938	2.577742057481	8.54515518814912	1424.1133250128	866.720835849479	959.109513587773	62.3472761350307	174.778840992319	39.0624893044788	215.51081039636	131.19112561234	72.5222227772609	527.70333093187	5890.40633654422	711.976203863455	49.3299418408785	9.76900395482383	35.9985951378435	968.412923904748	1	0	1	15	13.3792553530473
16	6732	2447.6920107838	290.044419705776	114.781949496419	259.657858687397	88.4484892286535	349.503071774238	7.217100625736	1.56865871964485	614.471304782293	8659.09172450192	182.013406672984	116.942385993187	5.81045759056785	97.0867921110309	578.005632743671	2215.6614590974	319.733525796428	231.772155333196	329.286268185951	151.52280937549	356.728998886628	44.9564789349129	10.0955701705219	871.273969818569	55618.9309662231	259.705293592705	250.00428948087	14.9286353948292	281.63334443565	736.887927412808	1	0	1	16	15.7835912039539
17	17534	2761.72622099102	322.352902303174	136.040948525395	104.0773266511	82.9385938237077	802.268631489882	18.0492473001354	0.341168055011309	160.76652859993	1544.61418018568	66.7153742837341	165.804239131179	3.60937824632309	91.8221751925885	150.246871962725	2614.08060861223	344.702870573529	159.765280596514	98.6594237862117	156.86281876014	786.491065153261	32.7331138801867	1.2365710959046	277.105374985851	6474.2765530107	125.850367899472	300.371471840817	4.55734767763951	176.436868968723	358.85758241016	1	0	1	17	12.7475094830242
18	3300	773.058881340501	378.523774259492	15.1220975215576	43.644069479523	16.1689387584349	34.495910392611	27.232101891992	3.68476387656398	866.744198856437	603.841391817282	349.651309499911	39.0941079184986	0.101179218703359	2.41485635326803	1658.19816342879	2355.81079108654	596.089778970385	55.7226868566976	97.0104864811524	29.2272167992946	108.079571271285	88.6335809757261	19.5690456921446	614.938576476925	2580.70696963599	381.000963259032	119.683799847077	0.492294919337916	8.33622469268374	994.192660254647	1	0	1	18	4.06828136954535
19	7249	3239.41060357205	663.877230819254	231.592571536726	395.340074126001	111.899413747169	713.632501915211	221.302128004238	2.37299018672618	458.130683656449	2285.25352011043	398.600585200637	95.3877682714012	0.881061540402351	17.2206367872537	653.568974859454	3820.28928969294	780.814626725502	192.99789850601	522.354013922041	173.567787903218	828.767492860188	311.413802883412	4.21677170307199	862.310380782822	7445.87024004499	1298.82829229294	123.84905657637	1.15476528304333	20.5228373803648	1113.53436303131	1	0	1	19	18.2416665862999
2	7546	2514.17153643379	1469.64333031912	1252.33767202602	172.176177014099	102.188668185179	1251.84023478188	720.426868706744	405.862384639655	3.29662139099672	725.168766248518	18.4393957104488	0.176211049354075	126.419809124132	65.9730400490311	31.7401049459502	1517.21988680197	2928.41767135428	1115.77929989015	230.931378056778	156.079075856418	842.570463259557	500.454919452701	422.692603009419	6.55513593267809	3001.35361645337	44.3939158741291	0.0953226483580991	492.048061845216	258.867797393307	84.6400837697588	1	0	1	2	7.38000195888136
20	17149	2419.76988090381	851.741943648818	249.521568391768	322.244494995203	69.9737518796305	566.564681569501	55.3366895280825	0.442216001039718	444.295790042111	2273.15488871251	137.257476204755	882.968264283387	0.492347670131681	21.3515192945749	571.610198030011	3999.36977465234	1236.16840146896	279.534642112912	322.763905001834	279.148594629092	878.809884337142	136.618115359677	6.22320875990436	558.316220596005	6075.95088748394	355.827572566824	2062.57183466371	0.806389795244466	45.8903539610887	857.575889645643	1	0	1	20	34.1842596994061
3	5709	3175.32518961494	3684.49203989718	1217.1810984477	237.886195125424	896.676495264984	1260.29382988824	781.233198319827	783.610167860526	2.12957551515359	627.888456125125	20.454996973753	0.15069551587442	481.527695144788	167.598666576503	53.7423518084812	2767.87661031775	5976.94726512133	1154.46204068684	284.107130526546	686.405946584967	913.212159527208	358.518303470318	849.337106537239	4.79264491701135	2717.66616287803	56.6934112735383	0.0869661471596167	1700.45216430933	390.723130624856	185.648456361715	1	0	1	3	10.6785183768504
4	2068	2673.25410528315	3631.7132698774	2122.66005152211	149.487016070366	1015.86468405109	1691.13263689008	1207.27276509211	2107.51990041611	1.25989610558679	176.354744014342	8.69772318500765	0.136299852572147	185.488417170234	69.711172645359	17.1655998256788	2193.01132590033	10085.6935106119	2115.37451922821	231.388969786873	1148.24848366443	1060.69525046712	741.153359035375	1591.53725585742	3.15156324644255	574.328332683902	72.5944820699142	0.070632423237517	1137.09414349662	201.781782732344	94.0099922263083	1	0	1	4	6.09003356060768
5	14685	4282.55375826047	1314.07462722759	1117.66745836659	215.105769314026	2518.12928948865	1355.77785878985	792.476078651836	664.391787473085	10.776525929051	704.047394817336	21.8113307844046	0.242456200231453	291.595916344575	52.324992537722	45.5559219934996	4480.61700072937	2258.85021970731	1742.68626493947	357.129305937919	2898.77362033687	707.201352420505	929.197152491651	1034.70973940405	19.2168822942481	4518.48701833824	67.7431088951008	0.196847502707933	1128.67229484935	179.205337008525	214.182579583858	1	0	1	5	20.1682505452703
6	5412	7315.00663947248	2314.03549360802	2106.05410647214	437.644545410868	1440.70151051019	1603.0036910712	1219.23065366948	680.608252501263	26.8776946946139	544.960159903087	19.1659499555385	0.41688249328005	240.403913290885	44.5721358691005	72.1592534744351	7620.41519825223	5342.97554740579	2970.89620961965	734.959409937661	1205.71757579796	1059.30868229793	1049.38064116622	831.894320600332	41.2070290290561	2101.78847404544	61.5363220939324	0.288535075988033	954.373214846355	148.735307301932	329.525356279624	1	0	1	6	12.588649541381
7	14179	5387.22169354196	929.220914600329	935.104979134279	388.107689389688	995.835903042248	1020.94921962449	678.651172394061	221.436381585566	64.4114986326564	1269.12448157024	41.1342323334747	2.78355875493516	816.951665568612	57.1409849854071	63.4948935815005	7088.30421869526	2424.75278101007	2018.62400818812	596.666453852737	1043.43047322865	625.280914787829	960.883807245518	448.39752065123	97.9791850262964	5151.65845064279	79.0695198816701	13.3066740839574	3289.76447821477	142.857282620219	247.656733416122	1	0	1	7	25.1782676822395
8	9427	4974.51682696854	437.505924915829	819.912632412734	182.222230538022	961.447285438921	1223.35712947656	468.685683378824	85.3103180823184	38.3791386840128	536.716197177482	21.7891255822211	6.2973931292747	657.588292989647	80.5375713264978	22.9058036638325	6017.39816879481	946.677406051356	1211.06377618115	263.512638845755	1369.77832847202	872.792150602241	453.001434202467	188.406360657913	59.6098139829492	2363.62606808671	44.4579489436042	24.3752274789485	1811.32271630629	329.024739284614	132.168646172946	1	0	1	8	11.0379902773042
9	18854	5138.75888308828	1190.82635280013	1127.39206644223	564.493747802622	589.57268449273	1152.79708876511	306.794434495212	147.726982126481	187.505846724088	4653.1759502333	55.6183942010421	1.51020122858462	518.413171226916	285.419997074303	65.5750716778353	6710.95818267544	4250.58779593878	1971.58002635392	743.42754452116	704.882636811312	982.343694529076	389.24796853526	317.44016069471	280.970566318027	24118.0587633443	100.688688127951	1.51349640130722	4842.53680238202	1980.80918962848	213.249125091116	1	0	1	9	50.174603887873
