STRATO	N	M1	S1	COST	CENS	DOM1	X1	SOLUZ
1	1199	315.027018061517	199.250944464019	1	0	1	1	5.44665579624466
2	3729	199.451647541339	99.2418727752723	1	0	1	2	8.43718736253979
3	12166	112.594116798256	69.6103497416325	1	0	1	3	19.3077642263696
4	3443	38.1302056449205	52.0977013543021	1	0	1	4	4.08945980139159
5	30173	151.735011137448	88.5604586291555	1	0	1	5	60.9212363851543
1	1309	677.929502549835	313.287324289887	1	0	2	1	2
2	2332	427.71465732868	206.029521166259	1	0	2	2	2.23965223785069
3	7722	859.479089414986	448.350609360154	1	0	2	3	16.1387595389347
4	44286	177.358842089486	144.572425625617	1	0	2	4	29.8452013049485
1	9603	603.453691951906	291.088372730747	1	0	3	1	25.6899841081947
2	20526	302.434510256682	206.124484644986	1	0	3	2	38.8835542509121
3	14025	219.715977886773	126.262992086262	1	0	3	3	16.2746251785012
4	29282	302.567705651831	209.859226943956	1	0	3	4	56.4755999881517
5	5302	41.4923149104455	41.1249787375453	1	0	3	5	2.00390651989465
1	1936	652.097969254926	340.118866954514	1	0	4	1	4.88579608470017
2	1320	806.948685382521	249.710135494973	1	0	4	2	2.4457347940753
3	10285	334.700313912335	181.32173499235	1	0	4	3	13.8373658194084
4	15180	192.55246411751	99.7888908361116	1	0	4	4	11.239661384983
1	418	556.327332616798	263.556100665644	1	0	5	1	2
2	2431	285.515411494898	106.478951829181	1	0	5	2	4.42462549319728
3	11913	177.302514389652	84.1460910378272	1	0	5	3	17.1349514696653
4	4477	157.248428953917	44.4532077636902	1	0	5	4	3.4018721733827
5	18095	87.9511526341993	56.2559731298824	1	0	5	5	17.4002312517883
