STRATO	N	M1	M2	M3	M4	M5	M6	M7	M8	M9	M10	M11	M12	M13	M14	M15	S1	S2	S3	S4	S5	S6	S7	S8	S9	S10	S11	S12	S13	S14	S15	COST	CENS	DOM1	X1	SOLUZ
1	11517	1654.48932675836	1394.8409537304	1646.78625032741	60.221336810441	140.590798384951	455.108288198259	945.925491430893	2.95789550351321	1175.15974593628	851.232191387013	23.3267046987155	0.216367727601916	49.2740465474859	197.613224696947	33.3792519726884	3138.91131291628	1235.72623283814	1369.11049366079	103.517783273989	267.55124149608	670.428513668599	1109.5551070003	4.61695858029172	887.671121637035	3770.32899220258	165.858118558917	0.110036933072489	121.984530906823	413.276507870474	168.987248386522	1	0	1	1	21.9616620345147
10	17479	894.197230758294	283.647070767329	2597.02916030595	107.047825463592	402.620582851094	0.369297367049101	63.0042797381447	426.438575755393	549.538835570848	4002.4114881573	233.90069234856	954.473238317393	32.8623826232232	14.4576314058137	515.436746299935	1517.71478826986	317.136262642911	3841.35110623268	523.283568469948	400.378595462338	6.57767479912062	297.464681250861	604.008465216476	858.607951055806	11402.6048662574	723.225413630861	2314.71402546875	85.9913669027498	307.932759369432	964.494369972955	1	0	1	10	61.9873824760272
2	29744	2147.62140578749	1566.58284084642	4305.71727130146	1830.54932643042	214.522175206335	980.466635508115	1006.32211895446	9.80892960887577	1547.69994832838	461.505410081052	20.5827600978824	0.278874615423009	70.0780003885589	493.806775706033	71.98945128973	4996.3935719618	2416.36100942095	6853.76088747653	3119.33930589282	458.439090051991	1992.48072668774	1326.44789546163	24.2367900896961	994.906745602921	3713.45485604753	147.83115313595	0.220973885626207	264.674441554713	2453.52477042987	932.135183828606	1	0	1	2	98.2101973938236
3	23859	763.691981863378	901.991593224964	4892.09151207102	1071.39990106862	312.691547642708	122.430544875003	546.688734040033	44.6457153056331	1210.97110059477	1047.81353191443	35.0497847017512	3.30085293623198	67.8911483496074	673.483364789604	72.5927770748107	2239.1629404561	1756.15411898351	5990.35916379321	2238.94189424528	576.298253901328	335.739496697226	1030.942892445	85.7486681861019	903.2925859858	4911.54401461756	140.470098383894	14.4780601959028	322.977886115718	2211.42162402219	465.372495751477	1	0	1	3	59.9449318236454
4	12375	1318.41074982043	742.735035882808	4548.2403659293	547.826430761469	762.836506663453	32.1662791543056	214.01976418293	245.835926860457	928.052080120169	4315.40930552216	69.1556120627974	1.67344789689122	401.293029697933	955.292464581554	76.8227746009059	4604.30831527496	1160.63659174593	3484.42629240992	868.6849640185	1006.2201571445	110.034113850282	472.789449600573	338.280063653577	763.518241305749	31838.0393859974	135.161414544651	1.37217377230815	2337.93211375468	8401.20543455828	335.27017278038	1	0	1	4	57.126868344044
5	61655	1714.86982715673	1185.1175766143	6968.17298366919	1177.98002829627	210.296142994227	268.642324824314	671.48660910208	86.5893940480725	1935.72151242714	1874.75488449998	34.5091546539552	1.97735243458565	77.3476734535985	138.17063045598	25.3889283684727	5505.9025749704	2218.09807501044	10582.5965206517	3298.61759927995	410.671256724051	733.813592647045	1301.90351487302	199.20687272543	2045.86289121738	14162.8493193279	112.742451969147	4.50470949108946	643.032270898012	1422.13434168311	212.534823082156	1	0	1	5	226.976220494505
6	42196	430.859828437679	450.415566367311	5003.52771955991	403.546066705791	300.134416294549	4.66706377033939	82.2330719720521	319.292307433442	905.897234959404	3580.89407553992	184.452203441245	9.03676090970833	240.407477564053	90.9626398343172	284.20700800855	1044.95178860225	1056.09352769776	7185.32209211525	541.042487538558	382.414366378974	52.5038461336687	248.410749771026	567.3257515644	1751.57286264872	12469.6204934359	391.306444595768	22.483990515505	1095.47973135504	405.181640468332	735.315802773242	1	0	1	6	120.595630912764
7	13827	309.960451505137	111.045434372884	2577.83736059399	270.877374937942	362.828629404838	0.563234916320532	5.54515608089163	666.906217414709	472.922689130305	4855.16499216415	231.992388438833	45.5631816792997	88.8504658403609	12.1988400360169	494.064237971611	302.740245615794	129.35852429846	2200.54071639172	467.996055543974	671.862330011119	3.45640092144044	11.9624485962469	1379.73185799832	445.817077756096	55827.0963885683	1613.70882754538	156.916854985797	322.101716095223	40.5723429724438	990.707532674041	1	0	1	7	65.2363209713701
8	14850	481.03726189004	120.308066862551	1282.79930767343	20.7928256918277	217.632057397949	6.53379014466704	26.1579428280439	473.162680829698	278.302069897315	7155.3661794778	469.663390548075	33.0922604708234	74.8769285658184	128.16035171202	1844.30053087582	865.408107329674	380.268141351309	1595.63558163258	92.5844005893192	260.40982524754	53.6516500803136	199.113726608384	511.288977448083	423.033423169587	37501.2685400585	603.294757837265	110.852425142944	268.304364658344	1218.80870647624	1847.10342757117	1	0	1	8	37.7836803342083
9	23650	420.912739379216	161.87893669867	3152.46114800845	106.447115815941	211.691248584593	0.834284211191824	93.6204413942231	244.691607792851	857.281085228338	1837.15889790567	123.541927416285	166.050737344266	86.7468739030911	5.58435638419131	274.671041779253	525.780781173929	160.51270214385	3622.7852391769	575.325420520303	388.23208060825	5.53522626929688	382.329743741666	643.465845107625	888.64266470408	5646.13092041621	490.329207901762	402.620804905145	223.566496427887	162.101269188447	733.574560026502	1	0	1	9	45.35180981635
