STRATO	N	M1	M2	M3	M4	M5	M6	M7	M8	M9	M10	M11	M12	M13	M14	M15	S1	S2	S3	S4	S5	S6	S7	S8	S9	S10	S11	S12	S13	S14	S15	COST	CENS	DOM1	X1	SOLUZ
1	1364	1086.27607475999	1195.90470129077	1120.59625881089	12.9740063174743	31.0010437019111	1039.52620588471	1307.37862914775	600.601754328559	0.731166852522093	10.8014166235686	0.107703171601723	0.254098359199146	193.620437998978	19.9671982455926	0.317044727773744	1312.29884302435	2539.43407620136	717.759743384966	21.7763051210266	38.4520339918064	627.062658376311	568.237056094699	251.602852484549	1.0024428379769	37.9995326813194	0.229542166028133	0.134777360035343	291.5511039229	36.7335085705671	0.649985225516253	1	0	1	1	2
10	35695	6792.17442314649	1763.11903879408	1230.14139121189	200.040919852693	1068.81050053121	2142.937386536	673.508877354845	231.178944292032	60.4259273667187	1178.87072261782	18.8915029561378	1.88935302756727	135.925569084648	46.0506086572522	27.7773423619387	10531.823997594	5635.22266325264	1905.50587663124	349.504775484118	2169.45586277951	1975.90228621134	853.703972771048	439.120066715293	128.652294638191	5331.63201994573	60.6957646076846	5.07607981583319	1305.96026751471	181.190843724579	158.909959896762	1	0	1	10	92.1046341700701
11	36256	7614.95681883322	1065.67706602553	531.31525454374	512.701042182537	672.721179065279	799.868191731179	179.281469974373	50.9351232433525	232.370418040032	6326.80551055219	124.397237623428	3.50590752496016	91.0281186787325	125.319986559844	144.972926475708	8685.13771054637	3003.11321883492	938.68181310362	655.955944229368	958.858843136444	1474.77511862681	425.201057969565	211.698395610137	268.603525616734	23054.2800702981	160.366978627438	7.38143653795735	478.786271681013	541.060892356597	367.791956449431	1	0	1	11	78.2141249579465
12	31977	4716.52250337483	418.485888473309	307.214324309406	286.363039682139	384.60050383052	569.867813989768	50.103198286919	3.99746138438222	341.190510400617	2202.17784280748	223.481507724417	9.85075903064538	55.0194677811778	197.653828789569	338.333748100141	5958.50020473539	1000.9498349861	603.939308068053	302.959598851075	461.223236092774	836.221026287044	91.9301269943876	34.625680473723	473.959773701569	5598.36980607764	332.150858909943	22.9335231966877	262.986287312766	1093.75395874618	556.937319194784	1	0	1	12	58.1117771845761
13	3674	3847.15382978262	334.347807137189	114.184624135126	625.934638017265	709.22966644779	368.562336358629	3.52153580948256	0.919887118451987	956.731478334398	172.164864209991	181.084103153964	2.57433377812565	6.0107440717578	36.9514931581317	205.684410494941	2091.7693558618	310.429600737488	126.599593036547	638.408218771827	440.885117317687	396.740376259543	8.83916532450822	8.60534404552989	1342.14492294275	731.179362752603	299.769193939351	3.41606000548826	8.04236708165346	84.1943452443727	396.438411163699	1	0	1	13	8.34229870894957
14	11891	2349.54299628026	320.087186459107	131.530799434582	253.09308325672	162.670860658067	427.854112044045	8.59227209036933	2.05731349345641	567.883602320858	1966.81972169517	159.04793345323	38.0035972736737	9.70229141171057	52.2307276830974	476.402908391246	1807.03146342082	399.951988122351	179.571339230276	246.857537444307	194.110718478024	471.960897518723	42.4239562126106	15.6383876753059	645.315091914464	6834.05164054347	294.73731348451	149.223770120287	17.7567332532929	137.111309472911	566.149918788758	1	0	1	14	15.3151770119749
15	2860	3579.3886999409	317.65592725863	95.926521123981	305.051694844409	104.709791378917	515.627660538975	6.55612239738786	1.8310045528881	635.989724141093	16286.1812982225	120.024036203944	118.883613992301	7.82880412888246	186.538136031946	384.398486042778	2535.51853535983	380.190748195022	189.812439314625	342.431993580024	198.988702130942	391.280067105344	32.3013605632136	12.6468956098278	1131.84556309764	83750.0615690535	179.804104627892	190.333282091711	18.6994977345612	352.506281111979	442.925205173946	1	0	1	15	8.5401125691999
16	20515	3117.85447965814	366.768959748633	162.665901261108	138.514933011799	97.8654396053978	863.535289522877	69.2794260751048	0.97461124173651	194.77033211807	1466.06130849926	87.3067070025459	144.912757720301	3.18442712472389	78.8350442621041	183.603352574884	3216.07864732987	412.123280928168	175.418372673117	168.756448343641	166.936996560593	832.634971182878	172.677567035501	2.83999453497851	461.76597826572	4525.63882758611	234.230338720015	269.504368967828	4.01413581102832	161.990993632794	389.479126109989	1	0	1	16	25.128816102631
17	16159	3060.37967024113	921.219374768468	289.810912271506	437.374674280773	88.8083123523352	666.740890744154	89.4119881108219	2.92062327986899	334.106096345488	3553.76335136627	216.556751961089	792.145699473661	0.74064258616045	25.8167564164819	436.026223116454	4010.04158931206	1298.43374243817	266.685274312316	422.30706874171	290.2933439718	872.238685168798	198.650026614413	36.5332021250083	528.16393076077	9611.13369354527	590.725138284675	1954.44212406101	2.23709875603446	47.2330816078756	714.841775813646	1	0	1	17	45.2049739649678
18	7359	544.714265606397	539.725758745142	17.101880990339	138.278182325827	17.3195009512411	53.4522775006525	40.6502656862407	11.3922887702128	706.306010156691	808.966450171297	840.509396311844	211.837275536411	0.103652290068213	0.741899997371683	1510.44273818335	782.819740631565	940.562980857843	85.8866883439593	141.09022757312	42.8595349091488	176.131891277989	125.73055128095	63.0000324063573	620.516291581652	3651.46398887196	1137.77822776874	1121.62208811877	0.473600577022251	4.69752052600237	990.563682453063	1	0	1	18	19.5486310883965
19	9383	203.393566249098	481.855546231912	27.9407792345741	61.8071409097113	7.23089173720225	39.2994186677896	23.7288324506536	3.02144028074386	784.556726615434	82.6912256614426	292.607892411215	184.60401478993	0.0812754191693904	1.72688322219883	1599.44463988385	557.626526063813	693.132700613889	103.432567870074	134.606870860015	19.9532313054029	158.562617031329	84.9918215937117	18.1702468501401	593.010331045616	660.307702937401	604.193075045593	732.808615964541	0.424078453167672	7.23818275790878	1181.30876985893	1	0	1	19	16.5794705138142
2	2629	1777.53825168446	2331.36433594803	1201.10986697853	87.9687763147605	23.1484905743492	738.032271292844	816.493215301153	349.926319913945	3.06548751953481	815.250886103316	8.52775882586568	0.23508996675487	372.487975227358	103.400284985042	6.0627352698709	1619.03509806907	3522.15816288876	846.155994259453	82.1474491298464	31.0990567691669	421.622940605763	480.247521830357	185.749545524807	2.55638838165899	2077.0222968002	15.3745079195156	0.129412058219432	505.42600535945	147.981177674061	17.2106515915777	1	0	1	2	2.68336844243295
3	4543	2485.46376726983	1367.66679231943	1273.96324283959	122.209063252234	63.5061446751792	1318.74214559045	837.689278444033	432.008218062184	2.19735419791552	856.60482833028	13.8973460878396	0.182207838280966	95.8670601888872	37.3553073665363	21.6676796414065	1550.04685462414	2897.48113399668	963.346567343988	152.002685176079	67.0200817927778	826.611169416376	498.129880563037	485.743646388053	2.98623737062766	2792.23901590925	32.1637423945321	0.099259161791897	229.994186824009	80.9648916447983	58.3013110500218	1	0	1	3	5.54265565114066
4	7117	3092.71296037577	3241.84636415977	1395.27747367516	191.697729174538	787.373216030718	1385.38611933892	792.487973856504	754.792950461955	0.957362603896157	237.44659865871	6.24987170538917	0.147074903819352	445.821151344473	166.076976980036	16.5672020044409	2598.7693071408	5908.64639716022	1306.11151639439	239.290738737335	671.118648967612	912.707340562711	333.467987425135	808.489564675894	1.17986493129434	644.195142004361	12.0365725214985	0.0767242122361743	1590.70356796516	413.718476012597	104.807802171116	1	0	1	4	10.9769206034351
5	5698	1839.64781605754	2107.56639657823	1927.71674054733	64.1961617969815	1634.04070963496	1602.30714764216	1376.81017483951	1627.23016122097	2.14942714769163	225.101664858273	2.59548113569912	0.149450010412078	107.794775606996	41.7403331129479	11.9319513329639	1852.41091462127	5823.42512762747	2481.30223580095	115.075835738671	1695.41178789126	829.415609255224	927.794797903676	1490.17531072221	4.50169926232956	1898.79453410949	16.0911920801761	0.080889030479814	710.162127302758	136.964283577283	60.1686466045506	1	0	1	5	12.0601360037251
6	19690	5148.14831350785	1437.33010505663	1436.85602842763	193.553276700036	2004.54288536244	1484.84714926461	970.039359368692	520.895286541353	13.3994059457664	492.185956569973	6.19088613843736	0.429091182970312	691.94307975546	61.1291907440915	15.5619333419029	6947.37258014964	3312.79942464032	2418.06065615957	344.44431389926	2569.55639683464	779.35913776283	1040.91953077275	756.814751926531	25.180081167317	2321.1830434097	18.0058893278946	0.412401914981729	2880.37574580605	185.083149485327	106.008002690084	1	0	1	6	44.427391090236
7	14685	4854.58890103961	636.692072302891	922.97955843632	267.991069614923	849.870914921329	1283.75464293908	515.304288762268	87.3143793313384	43.6314393713981	543.154702137269	12.6919966332672	5.77011544761375	708.986454397509	127.064514778783	11.2528795584092	5520.5240192739	1914.77310059805	1260.73027474119	434.787578685171	1247.64798133477	798.973528759108	480.225329058777	186.747997881753	69.8068232468723	2438.93265349419	30.6841893763127	23.1994448755007	2275.01653627013	619.204301741426	69.96015240621	1	0	1	7	23.5813712358233
8	15422	4430.28549745437	1369.25002490703	1602.01736402784	316.315368523081	802.864286162392	1707.03865534878	697.346217550829	435.7889210492	58.1624937767511	1154.98688552758	6.98887781454663	1.6784915968278	542.457406882122	338.413256721175	19.5370495855781	6638.31312431764	3847.44597238272	2547.83209190058	567.082795313725	849.729735580407	1050.14841669694	1059.46419182832	792.237764272689	129.871031210127	9389.48373166459	24.1659492407707	3.19388460156219	5324.08474809299	2348.5487946499	116.751026444383	1	0	1	8	56.6552055047262
9	4235	5773.56643289887	1307.59669293422	643.219380662214	460.647701250084	1035.70206399152	1054.82027918294	318.185221442622	250.279561493087	66.5021030445958	2380.25201521343	47.0780946200007	1.77120118205329	305.412114642679	209.613569160095	72.4302681706389	7128.00508134335	3517.34607583775	825.203232086594	677.341243553439	1279.55552498618	918.971865050387	531.70961863228	693.30382294781	148.46108454966	15014.6534045688	60.0179785316585	4.21416352303223	1279.5953510803	959.946600359438	213.867539045179	1	0	1	9	9.10373836731879
