STRATO	N	M1	S1	COST	CENS	DOM1	X1	SOLUZ
1	1243	1104.617052709	978.015290324086	1	0	1	1	2.21071343680201
2	1771	3966.39694160353	4845.21063795342	1	0	1	2	15.6043937665222
3	16852	1103.57753655874	1713.06740519579	1	0	1	3	52.4978575224486
4	11044	566.300085760848	797.715382570476	1	0	1	4	16.0210155657065
5	19800	158.243008121687	420.507509821776	1	0	1	5	15.1410022558233
1	4444	263.98142349566	355.110293146932	1	0	2	1	7.10497556439569
2	30602	19.5439430071176	65.5554919670593	1	0	2	2	9.03200499858636
3	16445	262.592057838401	516.549442266578	1	0	2	3	38.2446818351493
4	4158	560.401428400515	1652.87088101337	1	0	2	4	30.9420220433333
1	484	1271.93435700748	1996.01861245969	1	0	3	1	4.93367920362112
2	13486	430.336767322295	880.582608722502	1	0	3	2	60.647683683771
3	11649	215.539611527092	469.151181618136	1	0	3	3	27.9101659612041
4	17809	43.2952947357182	177.842026978344	1	0	3	4	16.1746500334792
5	35310	2.31757306630182	9.75687187758973	1	0	3	5	2
1	3872	1.06613852524748	0.959939979634192	1	0	4	1	9.95683548837977
2	1958	2.08935664936724	1.77995336696248	1	0	4	2	9.3360509941745
3	10692	0.247181046990148	0.460388140677717	1	0	4	3	13.1863616141228
4	12199	0.0254718605050085	0.120644000453801	1	0	4	4	3.94250147306755
1	1551	2.02416435035226	1.76705131261768	1	0	5	1	4.0663192803003
2	1089	5.59924497448621	5.22939354989891	1	0	5	2	8.44928041113168
3	11033	0.605093485223923	1.21228054983361	1	0	5	3	19.8443680102849
4	23661	0.11078296236553	0.416120242918359	1	0	5	4	14.6080570334857
