STRATO	N	M1	M2	M3	M4	M5	M6	M7	M8	M9	M10	M11	M12	M13	M14	M15	S1	S2	S3	S4	S5	S6	S7	S8	S9	S10	S11	S12	S13	S14	S15	COST	CENS	DOM1	X1	SOLUZ
1	6754	2015.71612448921	1513.35055540888	1269.35277048017	62.3929161973114	44.9931656255257	1198.57176216801	1018.63306454117	482.367517077271	1.63894267847744	333.558507891245	4.07823911017454	0.209935782524451	179.484140348509	43.0718185396158	5.90113571910993	1582.9981039337	3072.53512472644	891.4116905082	88.2909891593021	56.1064375364489	773.212145159952	517.382182792086	404.004547942058	2.00905516974054	1241.89803045476	8.74629783833155	0.118570182959287	352.366493714929	86.5192444178206	24.6368940728913	1	0	1	1	8.09963416166242
2	10582	2634.02247819198	3058.50590010106	1694.97718368971	137.956197095184	1007.28786893522	1502.8592124365	1020.4170897347	1153.22892088537	1.12350770721826	237.13578885563	3.60858483761985	0.147766708650798	323.33517234666	120.383119697196	11.8379298983207	2396.39038351547	6381.23569950692	1935.13157026215	188.339511992152	1176.22209947186	937.764651785136	647.541661254371	1274.21814865404	1.60610603946768	881.999388490132	8.12470701152587	0.0790556540014637	1314.43431161115	335.93730398696	78.6213604605285	1	0	1	2	26.1819504667582
3	10351	3443.44508287209	1588.12575272601	996.805100462801	171.769972858523	2780.33497591385	1312.31163558498	614.990313754904	561.670364706674	5.91484708587423	664.110457042692	11.975788612149	0.209710517720916	358.297927166926	64.8570869671504	29.4064985620464	3819.74852186696	2705.26242307975	1186.52314457291	260.97598143963	3268.20023465594	619.8904266979	663.411788374069	852.757621780195	10.5221247425198	2878.70264533108	27.694506043157	0.126733980655307	1274.07664852617	189.530391856998	141.242725626853	1	0	1	3	21.2876233199972
4	20713	5287.07691274632	1357.3999235537	1284.0686276499	342.827511629217	950.760678164165	1113.12107509742	872.676416926508	420.032082974003	29.0228610377756	1524.42502588868	84.0748003244631	0.413360493395281	538.613954712466	57.1154509735649	174.414660272194	7198.74539184173	3281.60962117949	2406.76976130226	498.250606327398	1118.29451771085	862.550964099635	1080.63519036997	665.979999341283	45.4371043423626	5833.69429834655	201.369257063838	0.401614401880133	2711.01778871194	182.83362214338	483.041236633213	1	0	1	4	48.3522680731948
5	2310	725.178708011749	981.857834025239	49.0580110058291	157.835826775092	97.6365001508079	63.5390684159322	160.716310748267	60.7503804415354	267.061439984341	357.896948162621	823.116793232338	0.296825701445097	0.997811863769801	1.10246488898388	2147.1536888153	1937.32413532589	1964.45338178957	251.235161129401	197.501970581362	428.702184766878	217.105602422265	262.851148390596	131.614319161161	244.860233935601	994.676170553485	688.819094304216	0.342607627354862	4.81746654369696	5.02235846252736	1448.99607034212	1	0	1	5	2.89925904627647
1	12067	2419.23807923747	1162.0660116531	1651.57964719911	91.974863794015	953.457743587746	1930.9780161415	918.770414122338	420.249184232686	18.6656075805284	198.880456887569	0.16551474249809	1.34739350875052	242.971875654966	49.5812278100634	0.638345400318835	3498.7237430671	2902.47506579069	2529.29754575599	205.601764438379	1212.9806955797	1011.63863080671	1118.94887989243	506.878089986451	45.8501897186558	1327.31501422264	1.34261437420039	2.10426239691186	1190.6852696157	494.584652852906	2.87534505878499	1	0	2	1	21.231489230042
2	23782	6689.73529743487	767.544469919399	798.854935400001	495.73365650135	755.818117202752	1000.90384538648	326.919434432817	76.4325540670652	120.011900709942	2485.65457490388	36.7008001353523	4.51056708750209	712.66638510343	289.657086198223	52.4642434119309	7757.90705856487	3173.85669617418	1186.75463584289	646.661506534846	914.992899998646	711.843756459919	430.939269457678	348.036799900769	195.083545473927	12865.4077867209	55.3315728800821	18.4853554840486	4443.7091965955	1853.1547782355	188.883006814015	1	0	2	2	50.3883084898295
3	9625	7009.70339918928	1761.78191048527	531.647876486431	700.60973918788	710.561644845642	677.778018036988	102.87061340397	160.683327643394	270.047898177633	5877.20442632583	108.706167545192	2.02189483455557	173.65619147613	162.839922014967	122.837733391016	6613.17564343259	4080.09926015132	1384.99091842325	855.292275473558	755.56381817983	751.48476768522	257.438429143707	739.344650680474	301.646245109621	31668.2356934974	117.001332872879	2.20200214710038	2013.21043371461	1170.05020153343	322.268766557575	1	0	2	3	22.9089826606641
4	10175	2395.59433167711	583.178859515054	94.6574991528896	206.311558457149	201.420780938293	176.225213392194	22.0075097345575	13.1072618079107	388.850885685879	1723.53530281485	279.09908708603	2.37633272111757	2.56456901025419	5.3780820968199	916.121079587094	3335.29348101974	885.745615379966	150.745753657563	491.775853416564	462.668581253142	224.419055518764	96.8112999910113	50.5326126045234	380.961871182281	14560.9569973725	329.439007713411	2.27631239479629	18.7263517577462	29.2750371498557	1087.44997884066	1	0	2	4	14.5622094236779
1	13299	3473.25791385264	2321.921408494	930.360147285146	109.913401876853	1596.25524975266	1973.84954803035	471.992442284726	325.285750740682	14.3302612145866	150.433139178691	1.79227651329345	1.04375230028773	201.076977595668	29.8231141212552	29.3701385819421	4650.68459279908	6857.71126151224	954.437922764999	229.137865432612	2915.1847732531	1505.91225386164	771.652165599523	611.119991904603	36.9062110300165	915.240391817628	7.6892300924586	1.47989576401819	1768.01779942809	126.788871169839	164.467961244995	1	0	3	1	20.1688056341851
2	17886	5347.72915234151	865.192431231032	1499.91233071232	120.639668218126	488.031118270302	2997.21157168733	866.293869993643	194.778237385822	42.9798398246193	1166.40784701406	4.4336000385646	3.39901637042755	106.618891777471	76.8603481745825	10.6158459517042	8873.14588514913	3156.3772556821	2385.90005963493	184.987087732794	1064.88934860312	2789.63683103006	844.137350866074	345.739415135998	83.8402614009412	4426.52131473955	14.7282888523365	6.82318373681478	696.931613846059	216.698756483136	77.1836440061363	1	0	3	2	22.101203740793
3	29007	10373.9179169185	1074.78417168824	770.93383985612	387.845323702481	786.26568941652	931.069103622573	219.809984115823	48.4763026481528	235.980683155455	5622.92378576465	104.768815904129	6.41308503823594	108.894030643311	289.990962872031	68.6476733607079	11971.0868549872	3782.42556911614	1282.10044198426	396.671862236328	1273.98419906578	889.909848179842	535.823152253584	215.039257006433	262.38693476318	15209.9987316564	161.596374172652	11.2139753833569	705.074859406039	1231.80758031466	192.06738888566	1	0	3	3	44.3515152678989
4	13849	3030.56805975279	623.459290045359	134.404249607827	286.357828160631	311.687832130254	230.378287530835	89.5030105616759	11.9896108342912	555.13696621343	2638.44323386574	511.856141609216	8.46945912311782	12.4244364459155	48.6118716820097	964.73592374083	4360.13349938255	1578.20507918431	286.990881442321	306.540721550893	729.611852278669	259.876496421255	324.563750652271	92.0364464096504	577.758081454605	6368.60455231203	604.014858765623	11.0907758247061	82.0091282052058	236.854841947789	731.10626904269	1	0	3	4	14.135400696974
5	4697	3241.48816575723	428.330770073882	156.431440693299	147.556939594997	222.50090183233	292.327789516336	34.6407045373276	0.500799970719737	497.328632922011	1091.55625401724	273.688216990336	20.819221586884	8.62201493073969	19.9489824994547	363.154898854652	2999.2389295089	1267.29990309461	227.470134071326	149.951366522649	338.075579863746	424.517854502226	78.48567052591	1.63155007641838	508.821754627834	2662.8421820688	421.19470825912	52.3694877591216	24.5186992105619	40.1688349834851	474.356341319604	1	0	3	5	6.62523722007456
1	5181	3049.6562634442	365.818719888937	168.964094583473	158.064614017461	346.073702185074	628.830391126772	119.854832509553	0.857422622369319	225.336804188008	244.590762782794	76.8272257904974	6.52090211115945	8.48568586195135	15.405948163888	196.566763214522	1961.09657911622	660.117390176045	158.37494945479	226.721850337216	311.928262401202	517.839445961799	108.423586634814	2.00563291591787	375.457268331231	661.711450529036	174.141971153464	6.40733850584715	17.5642243422269	21.1799393534105	476.804823286968	1	0	4	1	22.7129285427043
2	10340	3365.9877564203	325.175072624277	135.356137499743	374.571552528293	490.724272652379	474.416177043768	5.57639072844148	0.0902315319740005	717.332271747984	425.385845694124	108.126788526635	6.24577761105498	9.60944011671697	49.7351720067375	268.369300970131	2138.93736732034	300.10260091313	133.090743517135	458.201030939162	422.774628676367	499.64091129868	17.2485934446519	0.533197263669758	991.518300300345	1169.18406725716	227.390754022115	6.58035362161318	15.4742364945118	85.9057159285785	414.53396871149	1	0	4	2	36.5747376673576
3	9075	2567.65668582434	273.247576103072	125.244127491803	230.76669497633	106.148718582181	448.269402551125	4.92909299912762	0.798484448400343	435.487521420159	6310.72845811451	91.7651652364857	78.1226574770343	7.52793253782907	125.901963035402	278.481056805148	1879.31262709514	274.957593582391	209.238901133326	299.192701962668	175.538435643743	372.874028641852	17.944232748571	1.55446353698708	752.887569130051	46162.408290587	135.314767762842	175.47045708683	15.3492488043994	271.985781990134	401.201351338327	1	0	4	3	37.6324818742017
4	4125	889.873480290441	337.668354178705	8.30734342720146	130.702508701182	27.0265214339018	132.342922450997	4.37675902556927	0.112245958642984	1079.46015752573	4039.19937576763	398.231311669124	130.517113232303	0.708536406496867	34.3474267795061	1369.34425433831	966.27976223292	461.975710316443	20.5847934929691	116.821898525702	67.5800855059976	201.421561988491	19.6839747156455	0.653689790932581	743.741143422942	23749.1654876996	344.358847703749	249.550778888879	2.33419089798488	125.601490054203	985.101602576937	1	0	4	4	14.1538009631205
1	8547	2375.42012202796	319.94196720702	191.954565789017	78.770138822897	94.5874339978461	1143.56752801799	30.1134141509798	0.363119040002302	67.5785456491102	447.504912366337	13.7582957953245	92.4040148875563	4.8999364363614	40.2633393393267	53.2227055867479	2138.09772050622	358.524315714815	177.095105733653	76.4750726383588	158.23032983856	950.266629668092	40.9752455094349	1.27268529150642	124.879199134175	1509.11081701593	27.7697271873004	154.758862820779	4.45217314946342	60.1978331328071	137.209641615577	1	0	5	1	16.0710661211646
2	6061	4058.5946310616	327.297488159288	96.4147738965939	140.46601621535	73.1450518346943	487.558861826554	6.31437765335495	0.24202019949308	315.789689580347	2369.02902621142	128.564360381915	253.131050073817	1.39473158682227	118.790135720781	228.511569308299	3486.0009856126	315.00236412572	121.825019419729	118.205450897307	131.55689937531	349.679549577009	13.7902956346004	0.894134608194318	486.103973252252	3764.20645955012	194.030221765565	400.315232891285	1.66009863222021	218.021239508872	331.581170932787	1	0	5	2	17.0887812236606
3	16566	3611.83098505125	937.860981718158	342.117459108669	415.912047747394	118.385441542598	878.520176580696	147.133986022321	0.97539704901206	200.243192874681	2729.70574934843	60.2296647122794	728.069808274128	0.850021518351611	28.7577432476073	220.346913199931	4440.1085331795	1258.61816892022	249.464542714152	427.463747056846	300.070131931892	934.797071236559	251.590884861174	2.9944251996592	376.81840558749	6904.81961443003	199.546542304107	1873.89369605768	1.00475477212795	46.4535795551182	436.214434095253	1	0	5	3	54.6320324553024
4	6160	918.034843545884	490.595236145227	46.1276371339953	251.430540261153	4.91392200743065	66.1413141080442	10.4105643969383	0.194929641417777	988.554781415012	1786.06589658475	684.459488877578	668.363728892219	0.108297080283052	3.1719480212249	1136.93473046205	1105.67287050118	537.299495214426	113.871278986664	251.414576172797	24.3566761710476	154.991852677975	26.8128109674851	0.485991146294865	845.049783646667	6106.88222099522	1416.28765349299	1668.70107252157	0.495939644682832	9.56414957813994	1071.24434644846	1	0	5	4	16.7099606525674
