STRATO	N	M1	M2	M3	M4	M5	M6	M7	M8	M9	M10	M11	M12	M13	M14	M15	S1	S2	S3	S4	S5	S6	S7	S8	S9	S10	S11	S12	S13	S14	S15	COST	CENS	DOM1	X1	SOLUZ
1	270	14.4661553308179	8.92382007173905	19.6580880416475	0.308882767943779	1.71568113545529	24.9166192624372	33.0725136128729	13.4624385034245	0.0411196729533624	0.00476782943966752	0.734947895968173	0.00338264617202178	3.25774490703361	0.27261627356686	0.00144166061662755	15.3317454056743	15.3535823396101	14.8279365869074	0.498024372241375	2.44794375995569	11.0362865198871	25.5850713759938	14.6953960393807	0.131871358761867	0.008548221605597	2.81335742791349	0.00917508516637585	7.62705093137133	0.708542335623093	0.00739700241923924	1	0	1	1	2.32007647129164
10	2530	82.8522646566354	24.0529272751519	12.0610523932542	6.2718487158591	11.9352923585477	16.6259468749432	3.71497019614968	2.55142119352164	0.634670380764459	2.19827764253274	40.4320183236822	1.7883141069329	2.68687089172336	2.03152785754539	3.57234990674074	100.153132264704	83.4240456821671	16.534936835638	8.32411831644398	16.3874298287855	14.8061780271001	8.28432358340742	8.87577079071551	3.69527686358447	2.82222080479591	173.307030140901	3.05122747301037	9.10664920799383	7.72347281822712	8.72941794324392	1	0	1	10	29.3951355875748
11	2482	106.172982241945	21.8067640012661	14.5867306861336	3.73521784423748	18.5807261086337	20.9964324905968	6.82392695694	5.31208639066998	4.99935368411097	1.62355540280164	20.9029738170086	1.27817528382803	2.75158430318235	1.08948869051761	2.08086523055654	152.869650310382	64.9758174524217	18.1858080205007	6.53769372898168	29.7613578430069	14.8248657840091	13.4292064114339	17.414896983224	18.4168942820839	3.3389483454287	90.6728740192941	3.95692298906013	16.8442937734139	3.76712383456878	8.03732186540144	1	0	1	11	58.0094367374196
12	1826	111.07066386875	15.501913816343	22.9283555391071	4.23692324225008	6.78980873004103	25.2577475913427	5.52260691442992	1.50164970342481	0.216755952867456	2.11224713530771	52.2696427424389	1.35168816368851	2.80289482533354	2.50524091406306	1.93576678655605	147.530439392446	45.5079211122471	39.8051769056883	4.75010655398278	11.7991347069851	21.3045160899684	10.5381031583813	6.28844719716883	1.60706269343774	3.59104257650616	253.725790060814	3.86952849724058	10.0839946110565	12.2980541484971	6.71395967154571	1	0	1	12	23.4487405913753
13	2959	75.907963954356	7.75564497782582	6.67940402434644	4.89198771068456	3.84091222823329	12.9974575077103	0.761157305812418	0.148835905918908	0.0327537573413092	4.17384089622697	62.6853715524757	2.89271511560265	1.87974259835717	4.1301693784863	4.8456491562524	104.703728437237	16.5508483459384	12.0722078942761	5.31383928023155	5.27128733200756	15.6218193784468	3.40607419174405	1.15959002206837	0.367395329447843	4.71518511638086	124.675422153912	4.30724633036912	6.69485340878329	11.9141778385583	8.27110635116298	1	0	1	13	31.3379269759051
14	1749	68.3782454175033	7.70718384944883	1.51917200041815	6.08208006588796	6.68538864997821	5.12770172773937	0.129005647595677	0.00135624651726051	0.0248961835859881	9.41865832697272	18.2298990417259	3.22443399450488	0.0996279564461193	0.603204042658878	5.35977321524617	57.9119985235746	14.0296391526254	2.04297946874031	7.2548859368033	8.04004782190131	4.97934650699773	1.12236118807417	0.0142509927443581	0.230044827675948	10.7668760835977	49.9677615474998	4.58035075321191	0.380122694698582	1.35844144101561	7.6290429806231	1	0	1	14	6.71262940431041
15	4552	38.8208554614107	7.02939867019287	4.29740488414801	3.78351420759078	1.63615186761683	10.5328673801708	2.69549650582995	0.314418916647464	0.0106621137245091	3.98206911432284	47.2132392880039	1.76159944818363	0.212592186745027	1.79605862451129	4.20069038803362	36.1574413898948	12.3104497505467	4.64002690902878	4.15412799805509	3.01041996082127	10.2489163897392	9.09677824109194	1.54963936417168	0.123787954553285	6.79964331505344	123.048704998175	2.98045468619216	0.891914610340356	8.33047232531775	7.17704819995842	1	0	1	15	30.8375204497254
2	780	29.0602206115383	32.0957755766866	14.597230844513	2.90935838373403	2.72967581581214	13.4314946767355	4.81227640082185	2.5083668823277	0.000756717453077645	0.0631887008660647	32.4517169104267	0.556361960056033	2.32483978302683	0.72814176528559	1.23579617603144	21.7195671658425	53.9466271199081	11.8254692489833	3.09174505255901	3.0869214895989	7.70397202701693	10.9735245241318	5.22784870397565	0.0106916597684146	0.100745193316589	76.1152117188442	0.71313658285597	4.55780517732084	1.3107133136709	2.43359783545445	1	0	1	2	3.30127423916251
3	474	46.8262202605227	84.3610365759617	20.6258387056048	3.67661610324211	14.3864620338342	16.3600614708867	5.71400220718714	5.59002000534177	0.255944884765794	0.0642379175823041	20.6767076258413	0.281647456303399	3.82810941912692	1.11091216092753	0.398081127261222	26.978683704308	170.043917442243	20.4126855315073	3.92675139834292	14.0734889745936	8.56456590350563	10.2849027719109	9.75406365016193	1.62081186578633	0.105137662884751	89.1840612155056	0.438574323483257	16.5484352828324	4.93997853970414	1.67772914788685	1	0	1	3	6.34639935921
4	116	61.0539739192627	73.6365347467812	19.8002911718174	7.57573109279996	16.5496176767512	15.5507747330507	3.02275466158371	6.74581530960457	0.573635007379804	0.191862236436192	17.1443407264283	0.34842262122982	15.886533370752	5.72544633429948	0.290081221748517	23.2998063903434	119.706756002368	21.1030754516538	5.67631164847384	11.8642151376523	10.4801884887759	5.59793634888594	17.4490341576534	3.50888292467371	0.228936855781782	57.6116974763746	0.459281870786862	112.620894900653	40.0745706800219	1.27466084086227	1	0	1	4	9.47213406947938
5	634	44.7196869421963	35.8576243995924	22.5504574260613	1.75336677427547	17.2395534502634	21.7352692091523	15.2614333160695	23.1908961694123	10.4102955332691	0.139944911270599	7.60574387587689	0.196914962142375	2.83202208812675	0.850435305024304	0.17908858513293	49.7177928455237	90.4180148305222	24.4399677789517	2.07180289264527	20.5509834759762	13.6157455540539	19.6259475392427	42.6430743254192	32.1290128462668	0.332320978765315	33.2699073176297	0.500994921329754	15.4251132063261	5.05213988786863	1.16081520774274	1	0	1	5	22.8243493262583
6	378	72.7524354317809	8.86014991097638	9.14878786322981	4.22252686482026	15.3342332342592	16.9712221293957	6.18582102131732	10.6542026553499	34.4845855568669	0.420110995309004	22.3264839177489	0.436166233417395	2.58404887528791	0.987727925293717	0.70580377834062	77.7924863448655	17.247125817	8.52380975826015	4.77310763966807	21.1124368145486	8.53578363956954	8.88211443189675	19.1018406358859	80.9642137533444	0.521383647926037	89.2057472807818	0.850848237256436	8.31342184577789	2.64365382124336	2.59630898060625	1	0	1	6	26.3199867744906
7	2755	72.0004414791372	14.7069624552911	16.0169375997604	4.53031927569085	13.5435443025577	20.3106330454127	11.2262495229035	5.79170400205807	2.96365963021924	0.857509530408313	16.9592304684972	0.515415110028601	3.73291759112977	1.98989728683552	0.520129146168811	80.531455844539	38.0234338963875	21.6713479306721	6.62001286780045	20.9734784044039	14.8803296878773	21.113512979991	13.266972904258	14.7392770424517	1.660431292492	61.5332552029015	0.780093367008135	12.158414051521	7.63059747870009	1.80315640877086	1	0	1	7	50.6838449661243
8	718	55.7532160896166	7.71228276571433	11.6435473028158	5.27810246645573	6.37081058619709	19.0636701934998	5.86048878640627	1.19322280868034	0.709613187910691	1.30533051086976	20.8469464648327	0.3758022420455	13.0385002602448	7.11519598410485	0.548843654059099	49.4768808595358	25.4486744107686	14.3623849771809	7.93706567292585	8.10366613621339	14.2842105154791	12.3318257178503	2.95731294300862	3.95818157448068	2.11685729898906	73.1169984269059	0.678565783067595	66.1079670015588	30.1302195506743	2.26990727618123	1	0	1	8	35.7803531935323
9	1116	30.2459924392524	24.4138234240428	3.25034609479119	6.36032498799547	2.08003822095842	5.19611403824526	0.918042083520928	0.209085889593798	0.0140191650736239	2.59535682497744	54.2861549646811	6.60668006361141	1.47482917764657	1.33098563822941	17.226816835977	37.7618822288665	49.4204811747898	5.06048565241939	5.49204354634005	4.61619411328228	6.65276976264526	5.44550964037713	1.288537955819	0.162976556784724	2.68202107735459	118.599759550816	5.70409484176115	9.38130195985696	7.83582643417661	12.7419190690532	1	0	1	9	10.7810814344747
