STRATO	N	M1	S1	COST	CENS	DOM1	X1	SOLUZ
1	4677	0.717913255287529	4.97469600949618	1	0	1	1	3.65016101678281
2	521	11.6689732723576	38.0173516303937	1	0	1	2	3.10740377050494
3	7311	1.50798966555777	1.96047293528825	1	0	1	3	2.24861829821329
4	5827	10.0444308027955	19.8414335548393	1	0	1	4	18.138282866274
5	2962	138.133869570341	238.300603609568	1	0	1	5	110.735864876326
6	349	542.456304067087	720.213035777261	1	0	1	6	39.4334259667122
7	565	1312.32809759366	2076.19572487147	1	0	1	7	184.032635503184
8	229	1735.24488164778	4339.64831540324	1	0	1	8	155.907900579146
9	177	252.857427799964	519.644863288821	1	0	1	9	14.4297235351804
