STRATO	N	M1	S1	COST	CENS	DOM1	X1	SOLUZ
1	24387	10.1642590874565	5.32172444206641	1	0	1	1	2.39898346379037
2	23848	30.7927741877099	23.0677393409825	1	0	1	2	10.1688886401494
3	19635	105.429659402066	56.6442697731882	1	0	1	3	20.5590660166612
4	8569	149.285289956572	58.7987110790248	1	0	1	4	9.31353266062362
5	22209	153.343326258716	102.442599100348	1	0	1	5	42.055818104479
6	51073	159.610669147894	142.890493407833	1	0	1	6	134.899766423509
7	28281	275.544566986881	174.119386106814	1	0	1	7	91.0245167832367
8	39765	127.124665836383	55.8302370489917	1	0	1	8	41.0380722376028
9	33385	59.6643349369189	43.3372129912315	1	0	1	9	26.7441532409052
