STRATO	N	M1	S1	COST	CENS	DOM1	X1	SOLUZ
1	313	0.84360589462513	1.46887402480043	1	0	1	1	2
2	854	3.62081478960438	3.94110866205698	1	0	1	2	9.39503554545456
3	2361	17.1784199845788	22.0732492217228	1	0	1	3	145.473672096997
4	5206	11.7671929435308	16.3002144448886	1	0	1	4	236.875219357626
5	2346	19.6710005817172	30.3592791496112	1	0	1	5	198.811549877311
6	5597	5.8184035735721	7.39968308119734	1	0	1	6	115.608715130022
7	2483	2.12723341066803	2.96488614030258	1	0	1	7	20.5497662966009
8	2815	0.220218967407962	0.565829528406526	1	0	1	8	4.44617092888341
9	1364	1.24126558574742	3.50830996215866	1	0	1	9	13.3577857906495
