STRATO	N	M1	S1	COST	CENS	DOM1	X1	SOLUZ
1	2079	1017.96097808051	980.53158265337	1	0	1	1	12.6839593330221
2	1562	4692.87919880534	5082.87802282038	1	0	1	2	49.4002881534292
3	19822	1034.60350945064	1543.100281411	1	0	1	3	190.318228735062
4	35629	289.418692925411	527.614383513739	1	0	1	4	116.965834737714
5	6765	612.349012726511	1499.36890539976	1	0	1	5	63.1124538024867
6	30734	270.692555095408	650.990764635922	1	0	1	6	124.489487559159
7	52041	34.4134837384859	192.885575026915	1	0	1	7	62.4574355024487
8	10989	4.87509992750815	32.7656292283713	1	0	1	8	2.24034782943616
9	91531	0.458489508226497	1.47304070181348	1	0	1	9	2
