STRATO	N	M1	S1	COST	CENS	DOM1	X1	SOLUZ
1	32923	3.94742835521711	11.6243475169331	1	0	1	1	3.64832799861981
2	23089	25.3823075714031	44.1154673461967	1	0	1	2	9.71005963751829
3	57970	60.0030556111945	164.454106545563	1	0	1	3	90.881170557704
4	52954	239.633011993256	292.778729253968	1	0	1	4	147.796510953387
5	18623	402.75851806672	665.933513330195	1	0	1	5	118.224205438503
6	18711	677.452118739304	1299.76561965236	1	0	1	6	231.839767774799
7	17831	142.764126845018	270.866316812291	1	0	1	7	46.0422556032153
8	1815	1603.05627121073	1665.01887230955	1	0	1	8	28.8085685176538
9	27236	375.156288598888	526.237731074863	1	0	1	9	136.631613910636
