STRATO	N	M1	M2	M3	M4	M5	M6	M7	M8	M9	M10	M11	M12	M13	M14	M15	S1	S2	S3	S4	S5	S6	S7	S8	S9	S10	S11	S12	S13	S14	S15	COST	CENS	DOM1	X1	SOLUZ
1	1738	674.754477811179	1711.76096103541	1256.9561748125	2.12662183637663	174.632095520089	2042.23623482665	1053.81076886044	819.779680166954	0.147439458845937	1.36557153512864	0.00911017248617772	0.21610059718316	48.3767725596084	2.98574105719753	0.164513727825145	1046.06598106783	3987.60921814666	1046.69803332882	4.78077374476874	394.204668711242	1204.19059436318	514.814169511317	660.910175156439	0.218207029264868	4.61966702022793	0.0463925096837891	0.119784284086082	138.969425731307	6.04966895752722	0.404364575474555	1	0	1	1	2
10	36839	6903.53976967152	1568.60659572	995.859625277016	241.686887816371	1148.92404978277	1418.38801523734	506.989299962478	286.683415284377	101.354348068218	1471.24121526266	46.4881417921264	1.45673653449044	182.54867100575	104.305478959527	58.5626213190191	8885.6480411332	4107.45604141405	1766.47002670703	420.353876672515	1815.78399097277	1201.26899831658	927.412284544203	635.097146095548	205.844371537819	11746.3373289132	102.476701389736	2.0093934141132	1660.38682227991	821.428043637237	244.528534201031	1	0	1	10	43.3991628456114
11	4147	7337.26114272498	4261.42563670074	1003.84824533996	185.487964967045	1775.72384227583	1945.50153560408	347.477988950467	331.827783920445	74.9625059073936	645.793622069815	71.0988927130116	0.864792235618141	32.8633460805781	25.8183428505307	38.6213272666217	11462.5513687834	10990.9825345897	1034.89326107247	313.046871764268	3105.12184799464	1744.79101127735	370.624099090261	663.260743951061	122.002254475794	3025.38562667216	179.893116940811	1.15542578908166	462.472207154596	40.4697113533482	224.673818548315	1	0	1	11	6.22567657039857
12	26543	7560.46884670019	975.857478051407	1371.30492677371	244.228593930616	464.151378418998	2192.46446391248	696.308965294417	159.620220507821	120.486413858074	4716.41929851619	34.6191841614973	4.34648843903362	68.3180038435536	88.4054657362453	26.4335227830242	11722.7297022477	3382.17856175847	2251.75132307684	351.643489352234	1040.28889782657	2404.87084828511	815.116226482	337.282526561273	186.792356255745	15318.6512808056	105.187022795169	8.96829891797079	207.016075046607	270.465406513207	162.313546884418	1	0	1	12	31.6236132459399
13	20042	5842.21740061445	398.365657454998	451.740114013431	361.338838464886	422.884753071738	809.708570637431	36.6834060571618	1.70683864120068	315.420184487201	3932.21294252775	218.289253351634	9.58420109196454	98.4420693358409	359.112239184957	318.758723444056	7388.39386611343	980.83652479703	800.180889295117	333.117997927426	498.252590875504	1407.04190468393	68.805414541426	17.3614818333452	419.172925157901	9136.1299219273	302.37632466074	12.7210954409017	339.490008496041	1442.90292482304	506.827163584492	1	0	1	13	19.9921362934895
14	27907	3086.36379682649	376.892583670935	151.016143786494	262.815158752326	326.564498442365	435.215730457244	38.5929017124379	3.91292938192912	501.423114124617	1070.99454517322	161.399754760521	15.4558085010608	9.00332741607803	34.4580378898639	316.033606248885	2264.92377007106	734.446849493491	190.026349895617	347.955151147063	381.008108287391	457.391135707026	92.3273662451025	36.2469831270931	743.261729804528	4527.74288146913	296.122210441575	72.5701786617131	19.5422570170275	77.3054030049261	505.417688664329	1	0	1	14	24.3243042624171
15	3036	3447.80748442063	332.982291892051	106.114524504102	330.777309484923	108.734549250002	489.995194184693	5.53605455398182	2.97978388054693	667.395210273995	14396.7371186274	119.724947436359	126.904055870113	7.32953677350433	185.644932496083	393.87248489121	2538.5981422066	368.739701069829	227.18321263874	341.619908224505	193.022808167626	388.713074881801	18.9116699838184	23.056478087552	1114.45150977593	79919.7020783442	160.62034362341	226.801552083008	17.9911960964697	393.671389663972	432.632595096375	1	0	1	15	5.21264855419757
16	17160	2867.15081554494	317.326596690778	140.668252109564	107.991910629342	85.4529187013095	820.81909808375	18.1642501038309	0.471185408973605	152.447647367956	1621.41650763501	60.4518077226851	153.806305554583	3.73581282594504	94.064249065608	131.248156441742	2655.71369400173	343.283701837597	159.828807142971	104.292362264226	158.052343510558	785.237259802814	32.7131788444527	3.61047180299045	262.951043885923	6675.67073353758	107.070644672512	283.915187049691	4.62101830493218	177.728472321072	277.07912861213	1	0	1	16	6.72971522749079
17	10802	3167.93682748427	652.987343740306	246.756813637659	449.927131607266	83.7084057157844	612.879086113404	155.473743670508	3.83550255322234	447.095944221359	4338.12879263086	283.89809276412	205.767497167443	1.38168898451706	22.2132443053722	588.495955156472	3579.50700199066	789.083343380937	217.525235787407	469.285246180402	152.789876419683	717.57702298283	275.689336891376	17.9888342375256	739.050250309628	11690.9671795527	619.442423920122	435.222246954654	6.66485024275591	30.7745485783898	779.31993133581	1	0	1	17	11.6877691077225
18	8855	3545.98048004277	1136.07797336716	350.609211999383	366.900175368006	130.423113678407	932.401842638601	96.4112087747679	0.0149780354802177	176.533123937204	2057.87796670423	37.5940973796982	1221.99928836421	0.749890595641374	28.6429968092387	161.086285463078	4868.59479269754	1537.06440189719	283.675884483121	308.874929721762	377.462185607275	1060.24684638777	174.46321569607	0.0151726356986812	242.506910323363	5086.93774628927	129.845913338786	2516.98357809325	0.888069247170738	54.942815148853	276.63196841788	1	0	1	18	12.7048187942634
19	10802	713.494014763249	552.409245116891	25.600815432759	184.36950785998	15.2228032150141	63.4220859125668	37.5686682050238	11.8861012416467	710.503315380573	1316.64870613148	779.424737892365	231.373260199578	0.267287337536567	1.76344378187909	1420.56567570585	826.786329825366	900.458855712123	85.0122186137423	179.940732623231	36.0121688762462	141.822035640966	120.803545082682	68.2573131485826	660.820192846287	7274.76194885084	1037.07621264194	999.075933005309	2.48098181785169	6.54940597746278	969.106312330916	1	0	1	19	14.101590827695
2	3080	958.605558814721	2047.05085675495	1807.52987545873	9.94273941484823	1944.38074287156	1870.63699519607	1475.61730752556	1719.92829565233	0.39045908476935	0.537338827539203	0.00601273515381867	0.157170171634488	14.4394700757153	2.87508991802866	0.0444718205283561	853.458047625567	3675.20639161578	2782.04941086088	19.5631917203966	1750.29498235594	953.619373008443	1047.52350194731	1491.75761602794	0.872050313966688	3.68302565812676	0.0268492208094012	0.086321562918484	58.6136655419132	8.30631463966972	0.186140805061846	1	0	1	2	4.8273426561619
20	7909	44.407784256589	444.074854901022	5.92138023529843	22.8063609285522	7.52462721176473	9.2762083987472	27.8291827838941	3.5688469616502	823.457355228227	10.4898067420897	310.881439239931	128.19508624655	0.0199834403025026	0.318823234654694	1764.87637868854	118.426638881865	699.177999386247	61.6067947063112	67.6773970968698	15.9730218370339	75.1073340057662	91.9121675078614	19.7401155173908	590.638528837366	65.9971889811861	646.162116048387	684.96172399662	0.26070139250342	3.63443381063107	1175.11697965494	1	0	1	20	7.34239361455456
3	10285	2599.1360460985	2075.289541881	1868.1009276338	49.4439039441103	2317.48019632817	1701.13263252616	1247.23310205758	925.870074591106	1.53501723348672	41.3506406275373	0.267395932748543	0.241137210397297	161.523255392237	29.0837089347835	0.880221257622755	3031.78815592774	4109.89151743533	2320.15821813985	76.8240901115121	2919.0369736334	870.670780396373	979.108472523749	953.363630055016	3.06721637120673	172.033930954536	0.756982037316336	0.179923342694	736.472186279029	87.7352561543885	4.29566471822503	1	0	1	3	12.515213930187
4	20636	4195.95137414409	1879.03780018879	1357.6024371158	169.50257184026	925.181010370304	1253.90818946457	917.824796096154	540.070843516843	7.09088309470184	524.311810095095	4.92570135049178	0.335493906590186	740.20003474897	110.463923191663	17.669118212643	4921.32962839742	4671.74186313314	1956.04824357009	231.161284969435	1478.5804849002	668.753746610222	777.229295512963	782.045503718597	15.2387205814834	1924.62258751322	9.42574597367654	0.375465767393671	2886.88060601811	285.788476460872	103.848518468206	1	0	1	4	22.6950838469979
5	7766	3886.73499827807	1149.64426427029	928.099979635813	253.692298627548	1038.95124425981	1356.8718847344	577.453089020318	160.095194213954	25.5855686057691	856.278409036074	6.99134052596631	3.75882285389277	809.21606660845	77.7352658381418	19.091894955469	4807.29182478419	2699.54234005861	1012.25543977566	368.691809111851	1635.51173814307	833.591382400451	463.046908960817	290.087942293024	44.5050252127413	3088.70438078868	14.6277149310358	14.7698665414916	1952.86515326272	222.656860216587	96.9020587651267	1	0	1	5	5.17036703728569
6	8767	7975.17192329198	971.897604557415	643.437641177857	529.619106155341	1072.15567380318	786.222028796147	304.692493396621	132.853936982444	52.6822477081805	1054.63891607524	50.8724220330709	6.58503429050393	272.447266650454	67.2632558068757	40.7812394426127	8180.15812550143	2903.72473583783	921.053862746643	655.560176141642	1375.90941092348	416.806001469344	460.434677685172	345.719407111929	65.9396954318707	3894.67914853683	57.4167025353344	26.9723017056441	877.657617223787	180.652633043628	136.361418136808	1	0	1	6	7.67449566223327
7	12122	5032.32355335583	728.973191488444	743.756920760353	449.315134430133	803.702066881135	862.016640859024	332.086603375687	95.1180850082074	70.6880702130854	1672.85382880986	63.8876519864023	1.00209051517859	338.915951480002	83.3187804067823	126.328510224915	5184.09442925231	1962.49581546126	1244.48091946292	595.508474666115	1042.06687544442	694.137142470869	478.082136955886	269.086689756863	98.348096163996	6326.28465996064	93.8437507643049	1.2738884323697	1273.89643146453	316.420706694205	339.659279691846	1	0	1	7	9.62198089319268
8	5159	3602.11789006697	985.132542216044	818.472493541253	601.619328324014	527.366800572423	872.75357283628	313.313516334876	75.8218536114543	137.301696662054	3004.49881653368	93.4608363314827	0.891535706284941	1520.47007634716	850.791363723607	182.872967866664	2946.4919498632	2873.31866287761	1238.66533279121	756.691781317619	793.029872864858	630.355771699012	438.016430324982	258.960347583314	206.543765044579	8711.3517243593	168.924648459129	0.861460376286683	9116.35572542253	3703.98580321635	446.785095471171	1	0	1	8	9.52189068928912
9	7557	4928.39072869396	1519.23048160828	517.922161973246	874.662623890313	597.182127966382	653.96023134577	107.548203144535	30.3357791575188	328.724894595668	7501.39619730007	114.721891087694	1.87096169123726	80.9227549476417	77.5188906084091	103.948124914285	3315.68470219571	4835.32999797857	765.380141556987	934.792428328667	660.828561294907	525.174907012044	212.111914102308	62.9112467609518	331.600874471825	35656.5769971771	146.499033474463	1.58188819042197	356.303096279862	302.492498304918	233.110009216522	1	0	1	9	8.78599511639318
