STRATO	N	M1	S1	COST	CENS	DOM1	X1	SOLUZ
1	2511	15.63861706259	48.4540800290191	1	0	1	1	8.31685153520108
2	2753	115.301277705076	196.738650264829	1	0	1	2	37.0235264875137
3	2698	262.895791252701	360.79650631513	1	0	1	3	66.5405142261438
4	5793	515.885278127522	626.8546394158	1	0	1	4	248.228850932474
5	1498	353.024183604221	305.021981327816	1	0	1	5	31.2338007226615
6	645	189.62865686737	167.611259793425	1	0	1	6	7.39000596414089
7	2426	274.305974674667	360.679518519811	1	0	1	7	59.8128039013224
8	2751	90.4673892860279	108.548419115772	1	0	1	8	20.4124896321903
9	1757	406.905501750187	412.509556255271	1	0	1	9	49.5436112607699
