STRATO	N	M1	S1	COST	CENS	DOM1	X1	SOLUZ
1	28545	0.468530561383727	2.46732063486956	1	0	1	1	2
2	12078	7.06128356720526	38.9624017224826	1	0	1	2	4.37791852051809
3	68992	26.9091946873131	125.578463453362	1	0	1	3	80.6010740453933
4	34870	76.0287454826054	219.870984718063	1	0	1	4	71.3258240947291
5	42856	135.739173699318	292.988135194224	1	0	1	5	116.812305686503
6	23353	324.558056845997	454.760290733132	1	0	1	6	98.7989079230852
7	20955	640.147537805371	694.052347982183	1	0	1	7	135.302811891037
8	7502	1404.21340867647	824.034398753544	1	0	1	8	57.5107896305858
9	12001	1745.73728489039	1138.25217731151	1	0	1	9	127.081652878186
