STRATO	N	M1	S1	COST	CENS	DOM1	X1	SOLUZ
1	8130	0.023027375558745	0.084858585797584	1	0	1	1	2
2	1766	0.204686319811948	0.362262606186966	1	0	1	2	2
3	3592	0.481410668871677	0.812000463633893	1	0	1	3	7.35619554068332
4	2218	1.13009769260889	1.54704498174945	1	0	1	4	8.65416443899388
5	2300	2.29082968991777	2.64081096287774	1	0	1	5	15.3188375285532
6	2196	4.42958504366831	4.83686927571771	1	0	1	6	26.7890520239829
7	1207	15.0191242176194	7.61939696133185	1	0	1	7	23.1946877466324
8	1784	24.8379398328388	9.79980829873755	1	0	1	8	44.0933494322289
9	146	6.65032185495368	6.4537818394573	1	0	1	9	2.37644515720288
