STRATO	N	M1	S1	COST	CENS	DOM1	X1	SOLUZ
1	3455	1.85751150297079	15.9260497653326	1	0	1	1	6.68971310690202
2	5403	21.2211267369173	121.0316390857	1	0	1	2	79.5033182544152
3	575	68.4290494950971	176.778546259859	1	0	1	3	12.3580166443389
4	438	88.1336716881419	363.670820040291	1	0	1	4	19.3657329765288
5	2231	57.7021974284785	155.875501901519	1	0	1	5	42.2793992838385
6	4595	121.596784029761	275.51034053631	1	0	1	6	153.912818875781
7	2052	279.924336794793	403.521309333893	1	0	1	7	100.668872263907
8	2304	602.082335305492	676.997950023051	1	0	1	8	189.636181293621
9	1779	1613.4273802715	1041.67481227776	1	0	1	9	225.299114125868
