STRATO	N	M1	S1	COST	CENS	DOM1	X1	SOLUZ
1	21549	11.0247609173849	123.567993799075	1	0	1	1	49.4172746648456
2	1320	143.459660718945	477.909795952496	1	0	1	2	11.7075369611422
3	22528	11.7257330950421	37.2225469775938	1	0	1	3	15.5623220314769
4	5313	427.476670086443	564.916729534051	1	0	1	4	55.7018893035049
1	21593	5.91562156948905	25.6198226116589	1	0	2	1	13.3132513515022
2	10340	24.1692907465583	49.7570666335055	1	0	2	2	12.3814165874915
3	10659	77.2830252414463	105.093867505333	1	0	2	3	26.958074246277
4	6149	133.392550250319	177.336188025989	1	0	2	4	26.241997518407
5	6908	325.930631993946	386.586731605068	1	0	2	5	64.2679284227207
1	47223	26.1869615164489	99.7816478694365	1	0	3	1	65.2279330937368
2	18700	169.093244737857	340.788634777854	1	0	3	2	88.2177710996459
3	9350	603.643319355047	758.410132350588	1	0	3	3	98.1623866344139
4	3465	311.306380935053	473.40488450605	1	0	3	4	22.7072920162592
1	8129	63.6775403097598	174.727681281473	1	0	4	1	4.57515231799006
2	1628	311.913834528296	446.282363117059	1	0	4	2	2.34029629331314
3	1001	1946.39795321427	5675.7636502219	1	0	4	3	18.3005903617856
4	17963	121.244268795787	220.08865685661	1	0	4	4	12.7345396537494
1	14740	40.6110835132613	80.5965008108469	1	0	5	1	9.86344730670493
2	3003	473.93481341394	739.034648744236	1	0	5	2	18.4261749743529
3	3443	36.8665499102666	127.156505805312	1	0	5	3	3.63488492562756
4	1958	1034.43821665528	2077.80580801976	1	0	5	4	33.7779043705824
5	14190	140.476798274076	382.586397204196	1	0	5	5	45.0740911506017
