STRATO	N	M1	M2	M3	M4	M5	M6	M7	M8	M9	M10	M11	M12	M13	M14	M15	S1	S2	S3	S4	S5	S6	S7	S8	S9	S10	S11	S12	S13	S14	S15	COST	CENS	DOM1	X1	SOLUZ
1	10912	1613.2150654783	1477.99631018268	1674.24313269587	68.4404672673243	89.4618833703049	500.099025474203	1035.52346304662	1.8629956073345	1277.6742470911	490.843080044977	9.32483916328901	0.209889912766829	66.030682765554	233.225628335664	6.30235504334219	3075.62641171224	1279.6893559824	1348.79074035313	139.629867864947	157.825963193059	675.49829593484	1088.41660732637	2.50431822727244	910.003573740369	2347.36407984451	103.25274469718	0.105163022851182	237.525121893941	634.952849672613	38.8868411508791	1	0	1	1	7.33739478765015
10	7392	391.466633581621	114.621610070821	3356.71319570455	685.844343394658	481.687888364531	5.24762280285514	23.4907736161897	721.387396709794	441.648251375055	300.722837867926	362.951970444209	3.76895371205855	29.2254243001523	8.43764547035784	299.607149292057	695.692337123089	133.226438957232	2509.79824758345	697.234840306445	853.85799645869	93.5303429756484	172.992380781103	1490.75671513555	386.364809435458	1459.09667083624	2199.26875072166	4.30963763812829	76.9726884120533	35.7973772718359	787.507077123722	1	0	1	10	12.0312766936527
11	24684	439.326174676398	134.470975271718	1671.06648496338	106.154564924819	232.641351497144	6.55962117887402	22.8030358702759	490.786122916047	322.997906602116	4025.67706811525	340.700975417817	26.4810826065504	60.0518293919313	88.3490283455202	1368.240214651	774.402369357263	354.564608565625	1801.92634609232	282.304986838435	314.254719536939	60.5436028001428	187.964942871324	624.28402416013	436.072452544918	19940.2451022691	546.446251715598	120.002315043617	245.223639194574	982.360344265665	1726.88817972644	1	0	1	11	26.9053139226207
12	2453	332.832619879721	73.7525685676203	3408.18438696193	67.8895321135922	357.691135135357	0.375998005952724	4.66840605119217	777.751327983792	553.290836698029	29170.0066780643	154.719608894118	138.380661608996	260.550715551902	14.0247774876732	571.596414573928	313.144810691692	124.254093375957	2977.26147230767	170.532424552946	585.578737315372	1.2209729176421	16.4609084031534	1981.96205557616	472.607870388115	145816.509535642	259.659861689229	214.624498064875	624.996946798669	114.562465511743	886.467877592866	1	0	1	12	4.48031530269383
13	17490	336.613376270292	118.876763217329	2697.39777237026	101.114851150881	105.162553738592	0.550656478905275	23.8075102243578	134.762517533426	908.988122227929	1708.12380262733	47.0355086243954	193.775403262532	123.346966293953	7.6808589749458	114.194643072407	373.935634834637	132.526045433839	2644.39690995857	624.966175480583	124.703442960108	6.12325460702208	61.2085024944145	260.259608936987	929.800136841802	7981.78642359607	106.526991145849	460.54589851196	266.317609294867	188.477624438405	324.548358181815	1	0	1	13	7.41990594610241
14	12859	544.876267554935	234.834198281368	3334.94655954099	75.5031794287038	447.796120306868	1.22275876828023	143.499224691098	567.246720211115	506.565235950184	4326.75846680208	377.592838571809	185.001957974046	25.5400777568055	18.3393531306671	775.599299519958	690.833847932343	223.586349232519	4280.70303885702	302.567772676014	538.499356038242	7.98358331580036	510.281102251603	923.397536020367	601.201986376327	11249.5570632498	979.034861558344	396.867469503386	73.5695926856918	357.356535473219	1225.70910418361	1	0	1	14	14.2587515674029
15	12188	1076.11364734926	312.77558292569	2749.74786914438	147.183083169424	383.648320139357	0.116093455329272	87.3108631120073	322.33062188499	672.010711781821	2925.4148739165	121.084504505756	1228.28146998285	32.0731985239793	1.9336508118075	324.187283919461	1736.30999901755	329.825701074912	4178.96787475115	617.65767671898	382.216459934242	0.322280518731622	350.762444022283	523.382708066117	980.461948053791	9004.78171299202	368.421080968464	2700.38820938525	71.512900987321	34.55532456508	684.15623647938	1	0	1	15	17.9772584341487
2	8184	3801.12233217837	1688.2968789451	2500.16108208171	985.880704136054	136.123501839628	1773.26316164815	1097.95155679529	1.11837485926052	1615.471201429	202.361746879244	15.5201947363537	0.153221935944603	102.159924449412	432.166431156028	118.83312931022	7386.57685653188	1851.66891885195	2546.02306922546	1210.19871860759	221.682548775819	3124.00730131925	968.86086615474	2.51200769937638	1058.76971588489	1074.09505581509	158.978878493748	0.0714337419335404	333.244690608611	2107.05610636173	1533.63812232475	1	0	1	2	11.0075708333803
3	21978	1468.06996458825	1535.76084597937	5000.94027277064	2149.59357609699	232.82612775947	688.973537838813	1047.9833210036	12.2899895916959	1527.20985134125	412.631793671027	16.4912149749916	0.349861890369136	48.126576988722	571.021151679171	28.391006428032	3409.85933599024	2824.90457792992	8053.09400866615	3530.01165948253	510.458142006643	1201.18431011952	1517.95159116908	23.6158274406161	947.63060969961	2880.1298987556	125.503002994589	0.274745910386399	169.279846636456	2707.21270193981	407.721816697161	1	0	1	3	25.7811625947967
4	19140	755.180918774962	902.50772623741	4783.19173456744	1050.62680333077	247.261559382849	98.2980503578408	531.784566194967	32.5228063267977	1309.02851577092	668.364874854856	18.3819093785533	3.83530634314374	62.286470348629	670.631331888242	14.9835497714426	2401.68684745572	1352.61574633895	5563.03442902559	2223.31615163726	469.336014507741	244.6988103582	923.325019191632	57.1431724153609	918.570709281987	3601.11220847103	47.3684653015756	16.1055664730516	295.193933976677	2115.94195249975	111.357062623915	1	0	1	4	16.1112630266654
5	8734	975.626750067436	1325.99197399218	4441.40962584659	749.703734286477	363.191260629588	103.066743717956	389.474844722218	95.5734062070087	1462.51408620383	1567.78809134108	18.6113261440221	1.47509855530908	502.066448673087	1292.710119058	11.7094523447383	3240.97761411133	2032.99495348966	6050.47530967186	1335.1188801452	638.042242503617	202.672614299539	536.599725262186	164.335987284247	928.566321470982	7149.64666969016	45.3629332080691	1.24410887164998	2751.31345085988	9969.83192143403	99.5401500716142	1	0	1	5	14.7750493008926
6	16302	1588.42579588144	1124.2686359095	5659.9236934412	1030.47773168499	399.146671524791	441.036795636401	607.103138526368	99.9152330749868	1595.42913532529	2346.25108353868	26.8114161237627	1.8562038225363	207.899281919084	285.735047383515	48.7238920048003	4579.75623227958	2164.36091996142	10305.215075939	2448.26272913858	711.727967444998	1052.93831529669	1305.9015815127	241.798171497043	1298.30556631674	16841.045058708	97.8646732377007	2.0662662639667	1256.83199363396	2068.01099984411	255.839656187989	1	0	1	6	22.8177657439621
7	33605	2044.89279126209	1068.84306063228	6973.0974821402	1541.9536077717	164.332341556227	248.346854025216	738.441435935836	65.8947951028479	2094.25494689032	742.187077151268	30.3553776939516	1.16878602185872	28.7929094806902	109.109085707558	10.9060907828058	6503.01366516284	1315.65538065171	9485.81629981179	4096.03754662396	328.52565209144	640.747626297096	1387.11859057556	167.038027107183	2305.14483496774	4884.35083698594	111.554126792409	1.57222305133009	106.741689641292	1291.14869935522	132.055954795069	1	0	1	7	44.3502725135067
8	40205	775.316256774216	845.145710831965	6917.38880816267	448.086363057963	428.87990345069	21.2685390220553	212.605160745457	226.918550960843	1306.31900615939	5580.27497471347	141.092404578634	6.56522473283024	264.491269777588	131.117205035827	169.040550147775	2818.77037449051	2231.76191761998	9969.77953094556	653.020516451163	597.291677445534	123.087560528892	621.565024129408	303.207888722641	2086.55419152221	22003.8378789834	312.811940559637	9.98705463013432	1118.46711351864	556.904830191872	561.606794532017	1	0	1	8	47.0232239120021
9	15026	538.604630274288	234.148250589979	3576.56908260846	255.898023991517	265.208501101231	6.81276275645635	62.3833235848858	337.765576545613	493.143485516544	2062.53289950989	187.308081531525	10.3080911263346	47.9774887384375	42.7402620623372	343.865800864807	1293.40450173104	356.538062710183	3391.26639629975	434.818869486476	468.478565166757	89.5748405861306	218.103341971382	598.263086845675	476.51703134633	20316.2741760952	370.070556367367	34.880999614221	257.091659843258	487.781914418059	859.060593814704	1	0	1	9	12.0357857454289
