STRATO	N	M1	S1	COST	CENS	DOM1	X1	SOLUZ
1	6310	0.0405595244878022	0.0831123132692811	1	0	1	1	2.56884438156689
2	1998	0.311141187799718	0.289913793498946	1	0	1	2	2.83731418291161
3	1905	0.523082247115213	0.573836313516099	1	0	1	3	5.35458817073597
4	2407	0.837248558607346	0.754145208923141	1	0	1	4	8.89148157761084
5	3369	1.45116973416946	1.16529356577034	1	0	1	5	19.2300062710729
6	3988	2.33037183540708	1.94048841726958	1	0	1	6	37.9061145630337
7	1283	7.18998838705532	4.55080297039931	1	0	1	7	28.5994549016719
8	1234	11.7614772340665	7.2745987333004	1	0	1	8	43.9710937725058
9	845	0.63199384706472	1.2544679932781	1	0	1	9	5.19229501870399
