STRATO	N	M1	S1	COST	CENS	DOM1	X1	SOLUZ
1	2920	0.243410592875666	1.02986453369563	1	0	1	1	2
2	3664	3.65507117096798	5.71185574390076	1	0	1	2	12.3712369177811
3	8446	6.70561510878328	6.90392849065748	1	0	1	3	34.468929040266
4	1012	3.64377070953676	4.04401684837527	1	0	1	4	2.41921182853268
5	1059	7.87803697860184	8.75763117599143	1	0	1	5	5.48230306193172
6	1845	3.6233927358427	3.48311491560704	1	0	1	6	3.79878401612208
7	815	4.10958433104089	4.71292663916075	1	0	1	7	2.27053769751396
8	1679	2.04095018850402	1.91276203670065	1	0	1	8	2
9	1899	5.28244664584015	5.04428600824363	1	0	1	9	5.6624593339408
