STRATO	N	M1	S1	COST	CENS	DOM1	X1	SOLUZ
1	2949	4.47972402814613	10.9773469797051	1	0	1	1	5.1569550240365
2	733	17.4996943031144	30.3533208828343	1	0	1	2	3.54430728224015
3	6426	63.19597817364	111.710855760586	1	0	1	3	114.355558491712
4	1027	129.318372596627	151.371765833458	1	0	1	4	24.7648955224951
5	3048	197.921792234527	215.745326600098	1	0	1	5	104.755670010616
6	4412	411.193074350782	507.764732569273	1	0	1	6	356.877539661942
7	1279	135.70725189726	198.6659937818	1	0	1	7	40.4776469234852
8	174	1241.95233022828	954.1682279397	1	0	1	8	26.448154841878
9	2784	346.886472230559	396.606009198373	1	0	1	9	175.893463401423
