STRATO	N	M1	M2	M3	M4	M5	M6	M7	M8	M9	M10	M11	M12	M13	M14	M15	S1	S2	S3	S4	S5	S6	S7	S8	S9	S10	S11	S12	S13	S14	S15	COST	CENS	DOM1	X1	SOLUZ
1	5654	1097.61348641117	1499.01386076933	1575.45684210711	51.0018781675147	28.3276471284978	626.260011835833	1319.95069831435	1.30803167214783	1508.32637519751	272.675629636471	10.5080541575321	0.154242285089506	23.1074011568643	149.516646588448	1.87023750503174	2164.22904312588	1192.85825647526	1397.48661966908	69.0213507519713	39.0355649255936	731.989335021834	1135.26448647603	2.1572116453492	957.959684689276	1320.64545709788	153.783651734788	0.0708526402076844	42.2536652547711	282.924593832757	24.8998554945575	1	0	1	1	5.7020456276107
2	29073	2142.73738128254	1664.83460774508	3497.42171093477	1706.22286462347	133.006110121464	936.772824907147	1133.60325918896	5.05950656138725	1577.1234878482	460.887714416853	10.6599707765199	0.260786156574177	74.1259216921093	616.955822708054	32.1775180419891	5220.00867238547	2461.07912260329	5321.14404748775	3414.27181576164	249.87256736525	2005.46500853694	1349.82042087522	12.2413047611153	979.126741750814	2433.67966031711	117.164426164635	0.285765736367307	293.310183326709	3275.69334610493	666.170353875988	1	0	1	2	67.4884408699642
3	14718	1285.90714176998	828.948838119599	4472.46731200379	882.679198386924	443.789965528969	125.24498234667	311.201255267435	46.5033357761329	793.404317636012	3401.43253523109	174.306999375325	0.336551687001032	85.5066992420805	411.412534897791	776.152904894618	3356.79904069971	1651.9103425595	6833.19202380336	1999.47431484572	599.766267052737	333.002767074708	911.83892220028	89.7767183737355	725.159173705261	11448.0568662346	384.11738831841	0.430920539530367	332.521479952415	2402.8871710015	1815.90565620747	1	0	1	3	31.4842369604833
1	1804	1283.95567998096	959.311224512962	4576.8537783423	1090.95855435682	159.732846573044	82.8890451666027	724.741802957212	18.7270923186171	1539.26297409181	689.351431291787	7.55283711205758	0.93966226431438	55.2132360030834	1867.24317413135	1.04521412032831	2971.37509388106	957.448778533428	8475.56396524653	2357.89487525489	166.698835621586	117.722557566818	1015.62248621215	23.2658843309201	770.647733701178	2302.92345100939	23.5856702587422	0.691263494409652	129.166057211201	5230.58814054893	4.56735837476874	1	0	2	1	4.23615187268873
2	3663	771.002233889017	463.636022347003	7983.88929762646	1153.79491289006	965.605328145728	6.0821501596114	37.6325090176163	101.077853916741	682.331298003452	1114.9669535681	51.0400431606957	2.1319814013633	69.5769083933856	640.499983112372	75.8676363192536	1921.50158435588	600.060108023252	6859.88736886455	1018.43509935631	1189.27220490234	15.6482865170251	119.409184743541	105.04175862128	446.693086135258	3758.91239856631	63.0012706074646	3.55693963504316	185.233933265226	2512.52702809924	265.227400405489	1	0	2	2	6.50153467165913
3	49247	1039.71844011205	832.131696198135	5092.40563885435	668.746056379848	352.049895734113	143.666884330986	339.474156653561	152.209216986035	1111.43567482319	4993.19089185835	81.56414376869	2.84905090081785	149.585226457947	393.024556435235	234.590359730693	3686.9797857422	1712.43446679061	7177.77889476048	1752.56614406716	647.030201011775	475.100654079048	709.935817400851	235.84709056891	1127.00300106926	40962.5301687999	207.44235229087	10.9999044309282	1053.00854286517	2360.63279730692	754.183692330316	1	0	2	3	110.374811268521
1	13365	1622.39811058176	1205.47737739571	2725.52902670258	1299.05143862301	74.9546371813127	468.627247295674	1199.61803493771	18.983935569934	2552.43698954384	325.943770978782	11.512280708716	1.27004697702526	11.6524053972956	41.0942716462776	1.00476826107525	4340.56921687989	1714.75550986021	4824.24531681559	4993.90399106716	279.550376751609	890.595098261394	1753.17179894617	57.4981258810209	2531.22109359551	2190.26522084301	65.8963601201456	3.32653530151444	38.163800968581	216.617333369921	17.5400298048391	1	0	3	1	27.2144977150465
2	24761	1772.75293346826	1096.85544775828	9805.90084759256	1577.6555319337	266.766575347946	106.947707246452	460.006414524337	114.137313303906	1784.83330993516	1777.32384994764	48.2411956737817	1.65933131016366	67.8121336285814	140.414916540374	31.723814706691	5363.51031109712	2062.1418513188	11420.2065514375	4965.81568666326	385.474903408723	355.999653522552	945.239409807377	179.398321311137	2076.78303123239	6679.00123647758	159.1189004537	3.39935594948072	494.038800797453	1079.74054948374	258.672134587616	1	0	3	2	56.0960282484447
3	39094	473.584800099175	615.556853844748	5229.31670098994	302.526503097699	304.991603701717	7.04954680456109	138.165979890373	323.815396855705	1050.32531038209	5287.24116237769	274.312067390301	10.3829767691249	296.769183110744	134.194475446199	459.912500578188	1093.94297103102	1612.25656298299	9059.85387301559	469.360691689539	371.852096314624	27.4654621050847	411.312116403893	445.377749669496	1986.77432230163	14210.7139261088	593.973214573544	24.3410421605083	1299.18511453778	627.745966437221	890.560896725043	1	0	3	3	85.9835625277089
1	1771	390.420122458469	163.455490518086	1809.95849345793	553.480379929172	183.674179030691	1.07616713444247	115.758967910959	232.179365438829	759.306538346659	84.8389012780086	31.9979698587391	4.86988582488972	6.2843523680759	6.78954201590836	107.891961586121	564.71581043183	113.699728056348	2190.84326632346	1013.08819542436	365.499284679342	1.0227768180023	274.070680917481	612.683419639329	508.927050005706	291.351405496029	149.457313766024	4.2220093873738	9.17636609514681	11.668217725136	879.431691519451	1	0	4	1	4.40036753896973
2	4444	252.546669911064	149.553628019596	2041.37101221407	393.140447403941	139.73915771803	1.22352338528915	61.7269812983108	147.68489990312	470.535577884526	32.2611055699046	15.4813683373231	4.519985352277	8.47051726874899	6.44219406180939	43.1918038723265	290.557909937566	127.991129124371	2230.58722379124	488.560037426727	351.494512792397	1.37874331521787	96.8475021602476	488.911759632475	352.697275200227	179.849725887364	84.7642914217781	3.88689484822015	11.1953039780159	6.81687032874826	385.687551054851	1	0	4	2	7.44514239163868
3	22022	313.528798214684	88.1444809791796	2986.96068998007	283.082829322153	326.510262426766	0.15577726763789	7.49439386024408	713.212267841127	459.065806287388	1758.46415550017	199.756093026357	59.8029615022353	110.542941306735	9.13999206927064	584.396424803562	458.196336162967	106.683694727744	2779.08610529347	516.160593535175	653.774669186836	0.550359334124882	27.7201290693726	1396.73116695997	454.374168407701	4948.59030377788	987.533105874476	165.629379021658	304.585921974046	19.0569267562708	1074.48103635626	1	0	4	3	49.5117571624143
1	8382	279.661572571869	145.658968886949	2235.9238765597	106.371787366082	80.3524465726837	0.603394001139242	43.8224278047359	63.7548993219149	1144.04569128718	305.392106106986	11.7815796924863	79.6523819355099	34.6990154168638	3.91057903220643	14.8682427353707	368.76156404757	133.052195828141	2189.01972280885	280.131700781869	121.523324158418	1.05776499527728	67.286528945094	118.66643024804	1091.96270557313	1054.77313504342	31.4303543118592	139.752252490981	53.9528341903836	3.12662250464017	63.9939415847401	1	0	5	1	12.0685254391158
2	7612	1185.47177819137	394.358313190034	4142.89543013538	244.5113033489	480.394041323234	1.3824362330615	309.558556650756	226.90494120731	1163.64093309592	501.398566236102	66.5922696534871	189.925104185026	17.9007805432465	1.12198579078136	71.6489885411615	2345.88554108363	415.443608853224	5060.16876426422	667.814498511719	587.258547900639	2.68056691408453	605.497535600543	597.769935413117	1082.18535528038	2311.4026692116	271.615719914165	584.939927330888	25.1154689257609	0.836523699534963	361.412408187547	1	0	5	2	17.9334366344536
3	20999	646.811048784747	212.862406567556	2986.26384908804	57.834319054868	325.541654247369	0.0866235750419412	9.08365962889525	468.733605863548	405.493956787157	4321.96567859541	248.387276855034	992.846359321065	70.7860699464381	0.682899003678448	549.1761035129	1017.36653706455	227.885314800418	3430.16828141425	294.125349277912	354.348947641597	0.543277116062413	75.2436759120008	754.863435351054	390.309061034353	10310.5378126117	847.976859708702	3579.51997968538	202.418876086321	1.37908437755032	927.55038924605	1	0	5	3	46.5932444439843
