STRATO	N	M1	S1	COST	CENS	DOM1	X1	SOLUZ
1	18205	132.48867302091	397.380135592109	1	0	1	1	13.1523345635426
2	6061	1058.44025179081	5672.65083915257	1	0	1	2	62.5081071179796
3	3861	118.507953214472	594.10593210998	1	0	1	3	4.17032307688198
4	1562	1181.80024868797	8263.81304837321	1	0	1	4	23.4675376880458
5	21021	148.603222901638	1094.94045537855	1	0	1	5	41.8456082776426
1	19536	37.4899160166572	109.806613479292	1	0	2	1	19.0285630511076
2	1375	299.820786385202	1983.48647925998	1	0	2	2	24.1921124097793
3	1804	99.0242561125901	555.978063774015	1	0	2	3	8.89684530314561
4	32934	14.0924279396838	49.6148593511647	1	0	2	4	14.4943283330889
1	4939	2.36371155580951	11.6524484761535	1	0	3	1	5.43168803813306
2	14960	12.2041832380043	35.7461356367495	1	0	3	2	50.4706960122314
3	18205	22.0935300599093	117.478762470247	1	0	3	3	201.849950697181
4	40634	8.59551297356919	23.9136699523529	1	0	3	4	91.7095175213138
1	4774	9.6642619880613	16.6353174484632	1	0	4	1	51.7247043184152
2	4015	6.1527255961463	9.291557780093	1	0	4	2	24.2973321568921
3	5016	3.87585324634061	6.44765191537	1	0	4	3	21.0641345649468
4	14916	1.78851306335998	3.21396829708449	1	0	4	4	31.2232763150036
1	7788	1.41253821543086	1.24720839447383	1	0	5	1	51.6214927999822
2	4675	0.892586007258964	0.730963101635662	1	0	5	2	18.1611213872738
3	4037	1.75635055404519	1.69826600213697	1	0	5	3	36.4359465391708
4	8041	0.648100693578659	0.584439039709599	1	0	5	4	24.9755391348557
5	12793	0.261587708654648	0.365623204120229	1	0	5	5	24.8583181145082
