STRATO	N	M1	S1	COST	CENS	DOM1	X1	SOLUZ
1	590	40.4972134794225	41.9465069610571	1	0	1	1	69.7912227459889
2	1570	13.8666667966701	16.5817074183847	1	0	1	2	73.4145083080602
3	461	20.9798638022821	34.332807427882	1	0	1	3	44.6337356773639
4	1108	5.08699695057915	7.40849150130925	1	0	1	4	23.1484833287857
5	3435	1.54652293969092	2.83577156345037	1	0	1	5	27.4695141899994
6	1384	0.592621232811894	1.21563163222248	1	0	1	6	4.74450683674331
7	11024	0.0513941856248846	0.260888514402716	1	0	1	7	8.1104912208947
8	1796	0.00161305526029362	0.0153244282861098	1	0	1	8	2
9	1971	0.701029574080321	2.28647898917881	1	0	1	9	12.7088669611429
