STRATO	N	M1	S1	COST	CENS	DOM1	X1	SOLUZ
1	19591	41.3598372489731	74.8537508358274	1	0	1	1	9.62354587377025
2	12672	175.257511357287	209.765852160948	1	0	1	2	17.4439528430493
3	16522	477.248475631078	520.403208290842	1	0	1	3	56.4244756861239
4	1925	108.358005767295	143.990572485075	1	0	1	4	2
1	12694	161.646593232887	261.591745683876	1	0	2	1	14.9898321332724
2	8591	438.037200398396	558.076177008443	1	0	2	2	21.6427001344334
3	13189	882.130790363418	907.402419610669	1	0	2	3	54.0239134010078
4	21175	202.712864702636	409.085869322142	1	0	2	4	39.1031853601545
1	11187	18.1768289095447	37.6572237753277	1	0	3	1	3.59637593023072
2	8074	101.080357159878	164.837015749861	1	0	3	2	11.3617867463276
3	13178	236.029132817627	284.593014269403	1	0	3	3	32.0167233883605
4	35046	394.59095816794	386.495256341761	1	0	3	4	115.634058781363
5	11253	139.507653823652	154.882223888449	1	0	3	5	14.878975884826
1	2420	91.7194544836221	158.723610097652	1	0	4	1	2.91692670600403
2	5764	226.527043020584	258.794065508701	1	0	4	2	11.3278347064314
3	1727	959.546889923035	749.021935569677	1	0	4	3	9.82325667428377
4	13827	262.692669868459	275.271313781861	1	0	4	4	28.9039725696422
5	4983	102.008075994445	113.212464767978	1	0	4	5	4.28404230370293
1	17985	120.339388516293	119.637305111523	1	0	5	1	15.4246906131051
2	2530	663.91702720216	750.967589738683	1	0	5	2	13.6201256195707
3	8063	499.13828611215	345.617536327573	1	0	5	3	19.9770716706852
4	8756	239.248290267621	225.626879541562	1	0	5	4	14.162371676342
