STRATO	N	M1	S1	COST	CENS	DOM1	X1	SOLUZ
1	10582	2022.58583744429	1799.40442579986	1	0	1	1	68.7541400958286
2	27841	1123.67556046405	1652.63912401175	1	0	1	2	166.13654455726
3	15169	1213.82307971941	1098.83542389927	1	0	1	3	60.1855060041058
4	32219	661.116696079838	740.357749179706	1	0	1	4	86.1303072526525
5	63987	119.265426671087	493.197408874677	1	0	1	5	113.950136154424
6	70400	29.3394459205647	88.5892029625819	1	0	1	6	22.5193456369246
7	4378	378.914342808317	836.378340090614	1	0	1	7	13.2215036034361
8	18667	25.481407994638	132.150341874356	1	0	1	8	8.90728055635492
9	7909	118.520573137467	428.580215954233	1	0	1	9	12.2392838828025
