STRATO	N	M1	M2	M3	M4	M5	M6	M7	M8	M9	M10	M11	M12	M13	M14	M15	S1	S2	S3	S4	S5	S6	S7	S8	S9	S10	S11	S12	S13	S14	S15	COST	CENS	DOM1	X1	SOLUZ
1	95	10.2719769084252	13.7265603233034	22.8570191297364	0.648161647343001	0.356836723307279	22.3372863674216	26.4033174013105	14.0857614754108	0.00296015862984664	0.00945420883388686	13.3900561014015	0.0328126278415916	9.90686246599247	1.1880112597642	0.0114584911060204	7.97721081138303	22.0975651192791	11.8726373217139	1.08625746927842	0.59924664076908	9.28955940823258	31.9696335447025	19.7424999392754	0.0137761400740323	0.0165039163395948	28.7406266165961	0.0466552353717116	11.836346585815	1.6091329752112	0.0317474776663876	1	0	1	1	2
10	397	57.527406574708	9.08000953896492	10.6726823090837	6.97331372227111	5.9049210600625	18.0758757045929	5.4749134786698	1.18286114494914	0.243320142299028	1.76932514957449	32.659359123714	0.491562695367243	20.9080127844696	10.2232380812981	1.01014417311814	49.9226568769698	30.3303080044923	9.94262466492055	9.37631888021575	6.76872751280896	11.6429845386603	11.7518537929418	3.15389886050275	1.33058561239307	2.54368323467282	94.7135810541779	1.06404249178247	87.614825313139	39.3397745988779	3.54523448043945	1	0	1	10	16.3651610473078
11	156	67.6084948351146	8.43530817094419	8.89179966450471	8.63012379374214	6.77626602497681	14.4554195780836	4.44363331109134	1.03289191604902	0.0600409192339084	2.63978220697537	74.3906160627791	0.726798708796058	7.08094789464109	6.12833782691702	0.95994778838168	52.5476129647121	14.6753960509357	9.9052314992955	8.42822357104087	6.79494452078313	10.0749522003461	11.9117970389482	2.91862518053319	0.327941493249223	2.38034138833418	174.066079483535	0.840887067466139	22.5997274080548	18.9622269596734	3.05640833687932	1	0	1	11	2
12	2717	86.6468434403147	24.9078738016631	12.3847764144528	6.76607032490137	12.4372438635968	17.2173491342304	4.03837734056505	2.68040607291766	0.899239595577683	2.11804256180776	43.0377019079497	1.27816503613807	2.83279695963739	2.1893962029546	2.01149135795633	99.4197458870409	81.9442781843825	16.0606544433677	8.31346027473325	16.522324520783	14.3458046513041	8.94079091455519	9.0834385372219	4.95738333985304	2.77151921431057	175.239004682443	2.07956776834996	9.26962689008039	7.79362584908313	5.99078480144747	1	0	1	12	16.9928296351475
13	2648	107.680328734113	22.7250070250008	16.5590418836654	3.27091250660605	18.144391222616	22.5063575768823	7.32838529249994	5.23208427585124	4.39580711473407	1.1655353217251	19.8574427554176	0.725014893300097	2.75206237437381	1.0475320209768	1.03632644018367	151.880168080828	66.5917148541239	21.1594211596976	5.82176107628716	29.28830681135	15.6433029379726	13.8592820571855	17.2559603971993	17.6045194101624	2.08001280075547	87.6760081288811	1.81101247731653	16.6126731020601	3.51184382841903	4.75970994658643	1	0	1	13	33.5799034279291
14	3983	94.222243374133	10.1851788863381	13.0555940356372	5.114404616712	4.62022351664782	18.2482044924172	2.19459433504879	0.448684138257085	0.107884234027491	3.36871937661051	67.64660622533	1.66266816503345	2.45231739277442	4.08082914305331	2.47901956182371	128.715291165935	28.4882764422172	28.0486599164364	5.40031943860409	6.37691497346535	19.0723415561263	6.15421186028336	1.88713933843618	0.979074579718409	4.40831016875802	200.726463098525	2.32954824910553	8.35972845777492	13.1169793993906	5.1869274836428	1	0	1	14	25.3569265598563
15	2049	53.7515312899123	11.2050154875059	1.25791536813087	5.45562126164184	5.35236069682051	4.24594269534657	0.128401796754497	0.00150499544490471	0.0198665017168179	6.3250489057091	21.8652962431152	5.26361054445014	0.0556218917053944	0.323332969551251	11.5160567528469	52.492142297857	25.8142729427363	1.89357438416184	6.94939004732126	8.03492424903029	4.47536126572568	1.17461388951882	0.0181262472039014	0.209869984186986	7.74367964558737	50.4281083409048	6.00044622961746	0.214027711563942	0.906893780413273	12.8074431007864	1	0	1	15	2
16	1341	44.1631327088205	5.26030794803933	1.58064462455097	4.37345747103839	2.91102527198386	5.14948588357777	0.0321739134448921	0.000760874725170495	0.004212897934881	7.77297119148918	44.1266654731763	3.62805458889696	0.271860874517911	1.665200590039	7.83685803028277	47.1754980707082	8.52735690019763	2.29160111916307	4.12827840787216	4.52311589451153	4.99119424415927	0.249900538464382	0.00599075495884469	0.0468249233623969	9.59861261149158	141.740167758923	4.61651752336989	1.05696164497282	4.62736426063127	9.33963563258217	1	0	1	16	3.67416544048903
17	1007	24.660067340514	7.55798455351859	2.37169572383577	2.42003634093775	1.41773422278954	6.32104893977216	0.20420088337207	0.0457772061395668	0.0344862069560703	5.5423124638753	19.7317082138476	5.78862716119743	0.304215299062882	1.95205092543729	10.812701333191	19.9251298535883	24.9728821726514	3.6501999568776	3.29492182337223	2.86652786950859	6.4907088142416	1.14087874989553	0.323747276931109	0.2404707413834	9.88295123924161	53.3276466248192	7.97934531917359	1.17489466636648	5.50749088876354	14.3142042408638	1	0	1	17	2
18	444	46.4376513206159	4.2376904302141	3.5695853414721	1.91222288310975	2.13369964109405	12.0195589185596	0.304224286893492	0.00129917641137223	0.000922994145319383	2.51977100446579	21.8746307366889	1.60674006654242	0.246147712852315	3.80238626937462	1.75903440004108	42.2866084253912	4.06149581210466	3.58760377852192	1.52511611682968	2.27338958250646	10.4517644828606	0.665364761132687	0.00802851310634066	0.00918749918498359	3.04138561883624	36.4910937775015	2.53061500348584	1.21691272715919	22.7332091407415	3.88506884692974	1	0	1	18	3.0234447454511
19	2724	39.3431468861431	8.8734189672103	5.23279571676565	4.39537541685673	1.12149695325148	11.9160756048919	4.37509967800179	0.508092672947571	0.00391412851085741	3.80069115719025	52.2252670753151	1.69912921860052	0.10392116517862	1.03111604174252	4.79221918864292	39.776746022996	15.2177977049534	5.04805101975896	4.55853323940365	2.68828415608015	11.5425618413956	11.4323248991127	1.96986922248729	0.061740004499957	6.45214202071413	120.159770512613	3.24349471425298	0.290682621000032	3.18938913024547	8.10986069550216	1	0	1	19	5.96077041545017
2	818	29.9693725351525	29.0086030744743	18.2714316563378	1.37294759157196	4.79272642370556	18.9850136860907	14.4386642807973	6.60263450797291	0.0517015134336717	0.0189767359119461	8.1620183339192	0.124898539392155	1.83409529062841	0.4911935428333	0.0794464092050475	23.6531355573682	56.4711768037116	16.2118637939605	1.81719984076888	5.96666621369703	10.3320743331832	19.4499834327125	9.86364369046021	0.543684868749217	0.0323520189129809	38.2408523930344	0.160105478330558	4.92591966359181	1.35394808652351	0.177064491923247	1	0	1	2	2
3	532	35.1298403406547	65.3604406427993	14.7394909406613	4.52558018698307	7.41654343546512	11.5971602849087	1.60478953020502	2.04930935397159	0.10361501909556	0.101537505739469	48.4088725102256	0.797380096886648	2.89542246266046	0.94619788869033	1.85945779731475	25.3979768753196	148.017432247787	14.5462446691453	3.78281713628611	12.264300535087	5.86625019948389	2.46961523604334	4.50392455180838	1.00030617526549	0.123184846390905	109.655594936111	0.784325217658114	7.89583431510379	2.30674267273394	2.83749347521594	1	0	1	3	2.17317246257327
4	308	54.1271605054449	80.0325065310699	24.3774824022627	5.26751458712105	16.7418964567623	18.0066115588388	5.88079827444701	13.3680627566155	1.30646470205001	0.118336954106166	10.7992396048982	0.24117491317054	9.51964457539247	3.21029900338174	0.224234077355393	26.2455899703267	155.310304886627	25.620030745124	4.87529382848678	12.7584954548251	12.0205387163081	9.57455839196121	34.297685109067	6.8799215390046	0.171492480719733	41.7682992803468	0.365531455182657	73.9755952684596	26.0817781558252	1.30182186250792	1	0	1	4	10.6151558403386
5	437	41.0672773974467	30.5065124874915	22.060051136996	1.39035022501431	18.7843489799106	22.2305117393669	18.0781993864912	24.5684454667447	10.7573235182221	0.123159517374929	6.5777475272512	0.199602653288909	1.80815424883985	0.503288417965358	0.241726555336285	49.9338977028566	56.4681896544363	23.4116476156881	2.00989802188094	23.2533055618436	14.059911336798	21.7815250057769	42.6847417974771	28.3851979852735	0.317182770738564	30.7216498372948	0.554947434768435	5.91462693318063	1.75985228034978	1.4050051398961	1	0	1	5	7.20411809428336
6	318	65.3290287932556	7.79323093536453	9.92559403806159	3.26628757235135	12.9840850903275	17.756278679294	6.2570173031592	11.4342175963319	37.3754242649328	0.372298874311323	23.0710630048387	0.360468230912433	3.59766184028208	1.3011265830425	0.446826613000058	63.3449921193585	11.2928908791287	9.40323807715378	3.42295289474289	17.009088490096	8.54670269363884	7.87030602208391	21.4043627279491	88.6537493819632	0.486400506450327	88.9406269071817	0.694419119406781	10.8401078650096	3.08055534540689	1.89338229577613	1	0	1	6	16.2253750747291
7	859	82.862006032465	20.5808301282566	20.8350094945	5.44581304568414	18.3758298220273	22.2964077150908	12.498593494104	10.557144416493	8.52901358936919	0.65722860643092	15.5463828331408	0.570473026571677	1.53794750262384	0.742408943958699	0.772829687070895	90.7268357561585	43.1583580810969	25.7771071651575	6.86471990318091	26.9236761993289	16.8176528188683	20.2003904994273	19.5466727789158	29.1661705614896	1.24269620775434	52.9575513024026	0.898387777347912	5.12884474534327	2.57928370687338	2.6151978511914	1	0	1	7	14.5156556492881
8	1005	50.2322585250252	17.3645744258294	15.1910968224842	3.46641463727159	10.0888656454398	19.7744317114043	16.156961625668	5.91853219413351	1.75522223290694	0.535131426697698	26.3646291028539	0.925901940045462	3.51277240678407	0.883281482584393	2.48795446491582	68.9599283799927	45.085444999799	21.4253700859516	4.90142639649381	16.1849226888195	14.6295820781511	26.8978564102409	10.5917688231415	7.04102109373169	0.928711479726688	73.9487246095747	1.90592429150683	10.8551830289244	2.29409183453531	5.8767536514152	1	0	1	8	6.52249545828129
9	1501	72.1355913918929	9.76553210141575	11.1462867675213	4.93426628150213	10.8075829466083	17.3614795187874	4.45459750900612	1.81881355494028	1.48953297465686	1.16872562677929	18.8583152131721	0.648375335038978	4.55039942662142	3.4484382940512	0.793571242233469	73.3264898875595	25.9777683978762	15.3088692225353	6.93002666039863	17.2368176273121	13.5956273725294	10.0597164100979	6.47131196092427	7.08476153847536	2.01352972846972	68.7326832766539	1.01215859126756	14.2145287093192	10.7791288568727	2.94774678590947	1	0	1	9	12.4721832651701
