STRATO	N	M1	S1	COST	CENS	DOM1	X1	SOLUZ
1	23518	20.052514323853	24.7144414929661	1	0	1	1	26.0434928486802
2	20383	35.4787763634702	39.7937199258503	1	0	1	2	36.3438295102741
3	8976	18.1526931329392	25.9469845590531	1	0	1	3	10.4356085604407
4	43835	6.15352949834671	7.6843167405497	1	0	1	4	15.0929562005079
5	13277	11.8693692137466	15.0602754346614	1	0	1	5	8.95944098151737
6	10648	18.6387822184101	28.5278113962959	1	0	1	6	13.6108278216015
7	23694	30.944861843852	49.441675337113	1	0	1	7	52.4903665611858
8	11275	14.8115190886177	21.1169947375186	1	0	1	8	10.6683364897018
9	95546	1.55000519832868	3.29934406279045	1	0	1	9	14.1249903675218
