STRATO	N	M1	S1	COST	CENS	DOM1	X1	SOLUZ
1	19074	2.40694102876142	38.2040168354216	1	0	1	1	5.43365471745751
2	2167	80.9122839959173	450.912290517027	1	0	1	2	7.28605115237522
3	67364	2.81199386219651	54.4975712958522	1	0	1	3	27.3745032468019
4	22121	30.9819228736482	228.365214430899	1	0	1	4	37.6682928652619
5	43417	16.4196595051337	109.844790796809	1	0	1	5	35.5615358456366
6	7689	221.297907074931	1417.48573344842	1	0	1	6	81.2699119110555
7	19514	159.234244116124	598.515280320221	1	0	1	7	87.088893922762
8	29106	46.9614753666082	209.530562326056	1	0	1	8	45.4748353298266
9	40700	567.450051348862	1045.24299808274	1	0	1	9	317.214410073159
