STRATO	N	M1	M2	M3	M4	M5	M6	M7	M8	M9	M10	M11	M12	M13	M14	M15	S1	S2	S3	S4	S5	S6	S7	S8	S9	S10	S11	S12	S13	S14	S15	COST	CENS	DOM1	X1	SOLUZ
1	633	1946.42204686673	1229.01750614472	1394.27767077188	45.8440035502429	64.6704715807973	1355.18064762032	994.76533626242	499.193860943203	1.23755217851389	165.685259696186	2.54958322628388	0.203650555701321	156.9066177364	40.333080515462	2.60003515803356	1526.64716782545	2669.08439469957	1088.21653910905	70.0447210974903	110.205137754837	835.055164899634	524.753326021618	392.28578825378	1.61599251347882	671.167584682437	5.78961036930779	0.115385170322571	389.473872359624	138.895648857544	13.741797299103	1	0	1	1	3.33129896407457
10	1529	6437.32592826669	1423.83602568286	690.061430725606	182.884130452801	1456.44845000722	1330.79454132596	478.125749069952	219.139596735202	92.6062248263506	544.919638532817	55.6973396966722	1.23721873251795	186.34922196501	84.1566259645615	64.0132450153404	7084.50022276805	3144.97626403132	803.926610504666	295.127619673787	2159.53636543999	1128.24092483911	871.617126642437	541.763726924314	199.924396621644	2916.52384726858	133.552154121292	2.02397927978669	1211.66576388263	561.138926076901	245.456573180741	1	0	1	10	15.0640845062678
11	2841	7905.93195087307	1715.99646690234	1328.04945245415	233.662897187885	781.575796945849	2213.03430866748	654.841701490702	196.36874808459	102.682243563471	3072.61550806202	31.5929159123325	3.27879836957371	92.498622998349	62.0919779641908	22.8706819945997	12061.8044734297	5872.49793727423	2082.68662763962	359.913551596154	1834.71143596941	2258.73434575552	768.845857482482	409.480957334921	164.070464834558	11054.4161390329	100.817402603193	7.85157444044417	1122.921630724	174.143760921162	153.075168929291	1	0	1	11	41.4481642795864
12	3697	4759.29919810507	424.828975942663	339.432141945177	313.801439232934	406.093662468099	662.31138439007	52.8061868834601	4.79130980435054	365.068725152918	3252.12241307289	207.615507451362	9.06103675184425	58.0038336578226	203.520570649587	314.981589687852	5955.45816288713	942.088161352903	712.031246584172	350.274403773165	470.904272005584	1209.47266049734	103.434827302327	36.2237205038012	580.597725133262	10737.0842749285	318.955017701366	20.8533855957305	245.691547137117	1038.30663088773	546.22678853515	1	0	1	12	38.7251648083464
13	288	1653.38177618244	637.579888070421	41.0549293317018	429.868218094232	119.339490437336	170.887105675571	51.8351251031087	20.4220005138427	632.73018491316	2698.75848028519	745.084917317563	4.31464762441864	2.90832748349963	6.34783365301203	1242.91031838217	1645.69474857623	1057.63881356978	76.2000583910161	409.887518465924	229.059656167028	322.680581179667	138.117821673047	93.6525461565154	859.081829955671	8304.26021842375	703.268504904699	6.93195979317594	8.91270093883572	14.3797752652481	942.376268118344	1	0	1	13	3.36836144197339
14	951	2383.42734682061	283.968271366965	132.661366502024	229.787512577876	172.396306655767	449.281407696018	4.19354488438285	0.752294007304574	592.195471998373	1559.12445499112	118.672422185015	33.422471791313	10.1745193035369	48.5779011912918	428.20500942905	1839.72205521402	239.463933092035	164.268690315196	236.51590997548	198.453168640031	489.487688815682	29.568135896604	14.7936251813994	654.949305155356	5766.56259118477	211.569749181374	130.673408843972	17.6947092495463	84.3178496969729	511.917379465604	1	0	1	14	6.7456782299685
15	359	3196.19368035803	324.347389344102	102.6944972501	306.985874291703	99.3969590377659	469.692610775998	6.4038159344672	2.87571611279565	620.343428127815	13841.9204488005	152.425523275687	133.312942626729	6.64469554320368	171.532379246502	443.253517305521	2399.33501931868	367.893031662106	226.448331310992	311.467500190941	185.879875349796	382.481104318284	49.7975213557722	32.6565274816119	1017.67094338325	72553.7085691032	228.466242797727	236.771499098556	16.4586962894015	361.784240182531	477.914933395923	1	0	1	15	4.61529287497553
16	1572	2831.20060737342	318.251519542003	137.923671420024	106.036691818141	82.8053100483588	803.660691077042	19.3935726083332	0.903945288674322	167.933957514938	1406.74827721355	78.8814427936194	160.496573343309	3.47080596527508	87.9822287756034	151.50815019264	2695.36345890281	346.961113915922	159.846860788469	98.3664344904901	154.797266832435	789.703955717251	47.7830622661822	16.3448876862272	287.762142854722	3954.64867818611	177.130192839241	294.754198972739	4.07894584319843	171.50443392375	313.378820728225	1	0	1	16	7.2835355800868
17	518	999.506081905989	470.36633928768	29.5890835666474	137.029020536766	41.2455119312977	92.8722134094106	44.6861933368138	8.62329595589628	858.89749739648	807.234153471635	770.345604319085	48.7506529273292	0.213612982806229	3.68212660402013	1491.70250343112	1815.64563868301	890.105873661007	87.8201923935225	150.625188917803	80.5487460570216	212.234216512253	104.553588523127	45.4534455788577	910.094860223705	2975.82863629349	738.733811942988	166.68264230816	0.710491137503025	11.2046681884329	906.301565687041	1	0	1	17	6.29360680537334
18	1756	3171.43048287005	895.372794053455	297.056792395088	410.146025272571	95.1845223851114	746.472718624283	124.281318140243	0.763421410310109	300.574101858124	2780.29815354193	185.871335380341	767.636513526018	0.706182709062439	24.235477393702	359.781572256793	4217.62272911388	1195.64797217135	256.787298300368	408.853639266487	279.87276209974	919.020380408562	238.672524636359	2.76631536578942	469.723448138515	7186.10165491732	769.705431657756	1920.54953575376	0.951542077230803	43.7089373130239	676.486675819365	1	0	1	18	23.322201326043
19	766	59.1623702392489	441.123326882367	8.75170018717509	29.9938196618528	7.84982170341349	12.4463606570922	27.3819352197798	3.46784885924339	829.541764100482	13.1563023816314	328.383212903522	128.830133234535	0.0295078129880614	0.47151662502517	1761.69093669885	156.586768766953	685.668098373898	71.7521833313687	81.617940474548	17.7718777706103	85.2208191703791	91.281064665664	19.2951691808351	592.692693393675	71.4887881323596	647.492779110719	670.400573727928	0.30988467293094	4.10603201395367	1165.28995046894	1	0	1	19	7.33989497772983
2	538	2244.43373021688	2563.29338673974	1157.8190554644	221.551592762943	284.492209856965	914.950280204743	625.661526823276	380.882824291793	3.6075075131991	1381.63653473436	27.4256355517916	0.186448804724165	333.200594823146	160.114846384182	55.5619180577797	1464.08256322215	3796.43310418287	949.219975224739	217.73563562981	519.484550152467	698.76441703328	431.707203351986	368.454155143936	5.31228239438687	3818.91351748021	47.9805911334546	0.110777456339883	746.918648328833	368.690225230537	156.221340497225	1	0	1	2	3.65334261882575
3	784	2816.62799973971	3107.33806742816	1660.73430152736	159.760693899546	1365.3759407771	1473.69383952317	1142.39949105293	1348.34788262717	2.6468562329823	293.435241188299	8.08386090798111	0.143481280563286	290.033294207057	89.077759393163	13.2608295031568	2709.61988869383	6744.05608123808	2115.63800180309	231.407689424171	1367.78416710621	903.141590533673	771.802047533313	1373.22810770046	7.33548956287351	2077.43804893996	30.7554002961318	0.0765091129539049	1447.2088504543	267.712649046493	66.0518108938898	1	0	1	3	10.422674284723
4	295	2428.95812578075	1102.48636590999	933.79754353791	156.432731235862	1764.73880826906	1121.85215690157	541.417675464843	628.416781821916	8.3876558319576	1222.10723264461	39.7392781224396	0.177713291063772	288.227994376564	58.3768326325923	84.6722110475195	2650.71078326535	1797.73880895212	1197.06589718849	279.027952104559	2088.68850501196	636.110750110993	675.526669566508	959.007615566731	13.6975792434113	4337.59706928694	79.8749448363473	0.104157721271919	903.765294906882	172.81314357688	212.333317651484	1	0	1	4	2.14658893976174
5	1694	5892.26345167493	1492.26384103772	1414.28149832987	306.370635618203	1976.80342279614	1383.81613028267	940.850554596998	523.701459544216	20.4647761967029	872.679173295909	24.2067887983336	0.370975802553248	627.000397506936	57.8487682042017	62.5811914432071	7445.07254503016	3502.30779988642	2501.21005324537	512.906885520314	2577.21748483552	825.506025792375	1096.79113228694	781.015228309335	34.7953772179711	4667.42661151452	73.7420845867067	0.315318694698794	2867.97204731569	177.697598275479	275.801000112042	1	0	1	5	18.4430551946628
6	1380	5590.49855373884	815.465948925397	685.953259713393	399.862063115019	1044.46253242004	1056.59762760648	445.651608215157	102.280608529714	67.6187204392175	1037.61298677991	36.6235752257492	6.02340214341216	561.660569102349	52.0030610334897	42.2857231874142	5459.51967550214	2271.10702770286	854.610567724002	588.276947854194	1274.70580625681	746.302703827916	502.448602488053	197.96410476697	97.5375773252355	4387.06141251832	62.9608360504847	22.9929459963801	1662.35814619747	131.607088399063	176.688815376076	1	0	1	6	9.73834198280901
7	617	3912.73668441029	406.856318266948	941.826129557365	186.846734348339	647.89722667544	1120.18871237743	423.409131150078	63.1815581943779	37.9903494062438	1083.32582566507	50.7146711807726	1.08371181314763	461.929042206534	112.407270321372	91.468776898499	4641.68548243472	945.764043581986	1479.27322165133	260.98410392091	893.947018056956	830.298144496928	464.223150418724	135.713432151263	67.0205724532168	4880.66737394376	131.504478885167	1.41249211882874	1559.27162827612	410.100127844177	319.612553611747	1	0	1	7	3.61591699679225
8	1120	4807.54665426041	1295.25217609626	782.387599978059	728.295780599548	614.674064498922	866.150544582065	205.144252525173	45.5789375252549	243.722599345557	5897.03456465615	71.9825444189148	1.6113857707392	691.473729680243	404.090369235789	65.2191298792163	3634.16298029421	4194.97240678981	1234.45504956543	847.26620905517	700.464058868548	641.560640623958	312.702018294666	93.5306891417511	288.674080357187	28818.2650974317	105.949291842295	1.51997345280742	5948.89736593146	2438.22525134753	181.90618052274	1	0	1	8	19.3135594942726
9	1494	6622.13905925604	1328.69796559817	1242.27594960397	318.971483183787	697.5590520951	1355.83292054956	584.795383395122	376.960590043809	124.737161552319	2053.5861331904	55.6053387125208	1.68614268814134	142.748906587918	138.239807287002	76.2192102526527	9489.76362626814	3586.18293255417	2392.58039476968	580.161200544955	750.14583054066	1153.19786014639	1058.6825411755	751.946503734503	243.853603517369	16349.9233997718	116.54457252064	1.97429332456992	1551.46865037426	1089.23338517731	291.132437393808	1	0	1	9	19.8611957133903
