STRATO	N	M1	S1	COST	CENS	DOM1	X1	SOLUZ
1	101739	0.012064275955021	0.195901098002472	1	0	1	1	2
2	37169	1.77959544741088	10.8123357266503	1	0	1	2	4.74887703330535
3	17545	18.5002982000774	67.1386393947626	1	0	1	3	13.9192691714624
4	34573	111.382188214579	398.303385663124	1	0	1	4	162.720244900327
5	4180	251.544681961334	1011.35774300048	1	0	1	5	49.9541542548466
6	15840	387.48573465905	752.191358742184	1	0	1	6	140.790723971391
7	18480	926.872198560525	1300.22852286841	1	0	1	7	283.930587287215
8	2541	286.356302053876	336.600780779978	1	0	1	8	10.1067217469965
9	19085	60.9789256642812	146.597387254865	1	0	1	9	33.060462086719
