STRATO	N	M1	S1	COST	CENS	DOM1	X1	SOLUZ
1	5709	547.347235411674	402.880894176647	1	0	1	1	15.8039501528721
2	7689	308.659314190385	311.869029462153	1	0	1	2	16.4767307754696
3	10505	1278.03643793225	1328.72827085706	1	0	1	3	95.9093986626969
4	17974	534.823196255681	798.257370411432	1	0	1	4	98.5863097050666
5	50270	125.812421064305	277.598099323014	1	0	1	5	95.8858029378889
6	18810	318.840813946137	779.800721641625	1	0	1	6	100.786268024692
7	29689	230.179877429964	451.521368797515	1	0	1	7	92.1091584122628
8	53317	7.15459833326447	31.7896616641869	1	0	1	8	11.6461008482659
9	57189	0.522566072948269	1.85534766576124	1	0	1	9	2
