STRATO	N	M1	M2	M3	M4	M5	M6	M7	M8	M9	M10	M11	M12	M13	M14	M15	S1	S2	S3	S4	S5	S6	S7	S8	S9	S10	S11	S12	S13	S14	S15	COST	CENS	DOM1	X1	SOLUZ
1	4125	3632.7111940757	1541.53041293871	841.74547182175	38.7966379758497	49.1014308330533	529.061019436109	1001.51033863004	2.43858425094871	818.493885664644	2378.17240956678	18.6413408794305	41.5565563100786	104.025638178601	434.838187095779	13.0623320416009	16236.2062984655	2515.50710213022	1225.907895257	112.791492947066	121.2584746822	977.051283716309	1757.84352668822	4.74098922604579	935.613743702246	13410.744215438	124.18970496178	98.9202082765957	319.615279582538	1273.13505000281	90.018019368188	1	0	1	1	7.97984258901584
2	3586	2190.50098523311	921.583361891372	2497.09552389532	67.7863115229205	359.654037047537	276.001526936966	630.534771520616	7.52223906823703	872.380962501624	6488.0456035655	311.145101638187	2.13888021339896	29.2304996334572	90.1286071718537	131.422466127009	8692.77123897547	1764.75176197901	3894.87148887775	156.133725210834	1014.85473383943	699.951826057184	1731.28104914422	14.847037444965	1529.21158816829	44995.3395900041	2978.11133015149	18.2105267531511	81.8894735309087	270.246148670333	564.8533069926	1	0	1	2	8.66310540723542
3	4653	1367.08283865253	1399.95101612879	2321.9922223456	105.901182108567	207.104995979572	405.078465548491	756.916875375508	2.72545763049393	1760.10457894225	1449.74297499883	17.939010353999	0.0406914022406703	29.5196362762272	111.61555150706	123.829229343198	4283.25150812487	2253.63448812823	3738.15800470089	196.963205924593	606.119681133624	963.406076214639	1408.95334507564	7.14825257238184	2157.64159691143	13470.9061068784	101.075543240733	0.185279382238587	132.459653914578	861.113986244258	792.877964990254	1	0	1	3	7.37085702059153
4	32428	3505.24067006484	1797.72034836028	4578.35457150533	1807.72250626936	236.691782707504	859.327306488828	1079.5798709466	11.8047642353092	1688.99619590147	649.644681727214	27.8971954771392	0.895580739213615	119.223669089259	482.859067718642	88.817383158354	24247.6168982729	4896.96996412321	11536.6621819851	5710.24680143888	786.281100576229	2759.18590232465	2327.89955012645	48.7841806949306	1987.11169002227	5392.67928541977	299.578088984787	4.29949649685093	704.683030967897	4195.46680337249	1321.20194471247	1	0	1	4	73.4500173219063
5	4653	1507.28554926584	532.941851215341	2986.65804486853	616.88874787654	316.407009203057	65.6173264484075	272.870208050007	106.919900723639	670.710596064124	6702.61894463781	340.737191960086	2.00719229546846	74.4959497012908	490.015499506222	1748.40808278851	6802.04406844794	1616.92151306924	7591.29688310389	2463.6280947638	670.220964492819	251.999427683685	996.659617698872	261.624385465351	1178.5563870603	34829.7727938132	1036.54842862272	14.0320528354364	353.599631949575	5301.73677069479	3501.12978679413	1	0	1	5	9.94826729252145
1	7040	740.411630662374	1200.49767324868	4707.81387308235	1101.89628881259	322.75377673794	105.517994492685	770.20076284761	39.2003494369033	1616.96399994034	1130.3036284488	12.3645455670162	10.1084985942586	63.1685107168415	832.133340850897	11.551109305369	3752.74496980837	2896.6502450309	11030.885285382	4671.34608681696	1256.75453204076	378.545546947552	2053.88237171304	107.124561752487	1985.1990776593	9233.06618645045	74.97457504253	66.7610174545621	294.339567717873	3149.70453396553	146.240977060461	1	0	2	1	15.6866616875205
2	10538	532.382264464446	1053.77134374647	5887.21544704219	1010.55565867216	496.638473896991	30.0333825408617	308.584732168896	62.9565305180202	1130.90523197579	1250.76460343438	39.142564063623	6.45547489570009	153.132038692127	453.480873474541	28.6766259503438	3082.03334862944	3350.9307771863	11013.9785118369	2549.65586514511	1605.42687846398	125.675015445372	795.150408417302	137.217906523082	1472.06705855304	16853.5422733616	158.787856422945	29.8299319562582	1269.97286105966	2241.42477683884	208.985388903797	1	0	2	2	21.5862771981246
3	18161	2140.72555618132	1099.90297737905	5706.83943346705	693.94222572215	714.431406736927	158.184225195391	282.346196534686	226.036078673726	1266.85255582328	9927.16949895215	59.0394903216944	7.52745594020918	249.972794940724	526.337977639388	45.5019662298486	15090.7889715107	3378.40864102497	12414.1375994365	1951.56052521884	1683.1584441107	589.880117911555	749.791031580541	544.144189920185	1711.95925234487	152795.694051985	206.139232087283	25.2293265896238	2122.78869458099	7397.65563377808	296.381631373906	1	0	2	3	41.6610582071323
4	2728	1825.30632490798	316.357853394579	6002.03061370864	293.991834486622	304.217978493776	24.005083199882	41.985756485415	174.305039900719	446.560611871663	5474.00178207972	129.021411445167	10.9298352366172	37.8477549862708	39.1643836791071	124.598542988008	8976.69348987684	845.762544496308	9831.20378308308	652.164287956621	708.277026434843	280.726498632729	548.008763178684	451.225733745876	993.013061820616	89107.7532058031	243.210036009793	30.0366769615106	160.648025136168	525.239924419883	575.250516326593	1	0	2	4	3.13574410500001
5	16247	2096.5354270833	779.810754578341	7235.04358100638	597.228764051627	224.234059605053	196.899372573554	399.730489047914	218.902831443224	948.872816724027	9869.63729515521	174.17816656511	15.7508617408737	167.227939755129	106.017353094227	536.767974150095	11794.0499699749	3027.18173624088	21765.2809485152	2559.20959369427	796.196096226721	851.337393749169	1374.41242497863	440.179999240158	1710.25737088377	152443.878383568	527.828125572772	63.4106526746181	1377.09947683549	1189.17144340004	1516.67445984184	1	0	2	5	37.6629366258103
1	14916	3134.41334461532	1116.65017389283	5742.99095399568	2764.1746258966	226.354266448278	333.166339512548	552.748941924433	42.0721832385563	1926.79194323591	1273.1678332905	32.5983739848501	4.38814677061932	77.9245850771168	210.868292687052	5.1618496793538	18040.7439684474	2801.17775402962	14325.4258087466	16959.1581499221	800.734501309382	1217.45104349301	1664.18753372498	166.500556641211	2753.47816190393	20031.2632223041	275.230688286191	31.2818148401745	595.484085313156	1688.2273498243	138.48441706201	1	0	3	1	34.7087457862358
2	17809	1756.91905231402	1633.05078907826	6971.37825180013	995.634428431512	189.336550316309	305.43647273447	1025.71131830767	65.0941166153366	2815.719888339	2227.14661870521	31.3017488550115	3.53213432961632	47.4634762043021	59.1949470279384	6.864856451177	10710.3313350656	4277.26071853991	15390.3084428343	4582.850902599	578.54095367211	1099.85301334239	2320.62553059505	171.606720857365	4228.4149904016	19183.0807553913	233.141285665097	15.0846322606303	193.347414182323	273.767088552258	149.899032032552	1	0	3	2	35.7633004112955
3	9383	991.724107610709	1495.71870645935	10120.1793446261	667.493439479441	277.829817327676	28.1283767632498	443.917704523127	180.670926887779	2227.13831668787	8467.51053451684	39.4810061042483	37.441515773715	256.028788739524	210.886306679784	7.26251248464941	6799.02454907402	4804.3089543658	24534.1095406292	2205.60936775706	641.688995142318	84.6003123966591	1059.50195620563	447.830997767886	4081.44321935619	51568.4677609868	234.636106906486	195.527458736232	1799.75978889404	929.451606778884	87.3038274676671	1	0	3	3	22.7104810607689
4	22308	1099.03974764512	638.728437531532	8087.33694963455	696.185758311365	420.532765902205	4.6406983144637	61.4938410074383	302.871129950438	1016.12524607859	6393.24320599593	234.448160879771	20.9689183516965	540.723703663026	188.749542851748	269.445321811289	5279.11063342509	1995.49857193838	19172.6306929805	1833.58359427474	849.446341241895	84.9908943566856	394.848684203202	623.856978958305	2135.37047619238	34940.8847062245	723.078032441569	95.4128954160091	2922.66326463868	780.281792581807	836.692625811669	1	0	3	4	48.8631610049068
5	12804	649.4603236345	229.978888509537	3229.48432009336	116.466083000645	239.167430520673	0.801450980958367	48.3241039530063	523.079215250018	394.580583059978	4819.34984815417	530.056150970658	26.0461643246661	161.224925511149	75.8482515462359	862.160272639006	3073.37423031622	770.85063525786	7333.46852944874	508.130259959249	543.895684181549	10.3091940037845	302.710109672479	1166.1231994993	740.667123241561	35053.3550320938	1580.90290550099	103.802464564167	802.914680676805	841.035250603805	1552.25578381418	1	0	3	5	26.8595042828632
1	4961	807.554119412208	151.289261900673	2271.91401846934	561.418626260417	135.637061762107	0.343451060237911	121.468796540184	347.329120207907	622.819194337094	176.250741200543	55.5400758353519	17.2651800687009	20.0205448815534	29.5267798776398	175.610530429308	3398.9172164016	291.98240141716	3622.85395938434	1455.44765152283	330.647237611497	0.689482021606184	414.584398620264	1325.50472068612	887.725570324379	1220.73458407538	275.45775003256	33.1784590660633	93.1039526266944	118.301704469042	1272.04435786405	1	0	4	1	11.4179518359165
2	2970	480.263197321621	160.259698109264	4142.11265037747	1188.0938381653	396.294963516938	0.0978030729131277	11.9487417401639	688.17944733959	306.719002645217	111.623294475008	71.8458960030546	6.43026372034664	55.1009234442086	10.346795466256	115.114004217178	1431.17253142126	261.250273837118	6697.16272307622	2284.76755135538	1126.60763313234	0.379736407612748	34.0174325057487	1842.50592601182	333.54498204661	893.503466108001	220.540625949682	16.578397035798	295.351897413779	29.9117789150886	885.007498325827	1	0	4	2	5.33500285353889
3	6149	479.36979086383	211.988566122142	4660.39871806186	475.171389636007	723.125697431497	0.0651672694945377	3.92193504480771	1301.79140340531	566.45591649391	489.55538700318	243.675615208336	9.95884178408818	86.7728305784751	13.7532496509077	457.858126839853	1306.91001230554	428.753986382307	10243.149980427	1000.66082018029	2843.5701801263	0.226525952183784	11.2212272941251	5104.60462317037	935.820113791872	2474.89803140747	1631.56912093865	24.2171388082332	265.815927540002	49.601754753976	1373.51450572895	1	0	4	3	14.1942087189691
4	1826	488.606663019359	94.6360524216291	2639.65822156095	98.6307868412555	200.433835959577	0.103259242643135	10.9917179379385	876.594239950949	451.547465191748	1203.4563628062	123.163716093251	12.8905499812338	56.488459224307	11.9718662935135	697.783457762938	1030.2771592981	227.831853606051	4482.50487115111	240.572807163058	367.611074973829	0.383462719474913	36.9352451840581	1848.15139206151	794.831669304353	6209.29270641873	364.660799734201	25.6888353123863	137.859425101854	36.4319315450976	1424.01311764508	1	0	4	4	3.08836313464546
5	12331	466.389751489317	122.541094740921	2550.55249347124	98.8868624041007	282.266474513718	0.235927077381805	7.66608800443513	535.910632787341	520.159266607122	4877.85351676181	166.058867404956	198.110412768423	223.153316622124	10.9761705369	694.046127282989	1928.2521351527	348.226806978508	5327.68558764507	428.066114182911	1238.2691087215	1.13222375949354	33.1665368741087	1362.40879622778	834.70177725634	37113.8096902403	456.717535614677	672.676000065719	1206.67082847009	53.3195259417033	1658.86697728275	1	0	4	5	27.2925886382706
1	1749	531.920935265834	238.328607947654	1495.23638724262	351.978907801026	130.980118475289	0.661520267224033	153.582598903279	71.5161781075789	1141.08323904178	50.807798303568	4.685436089834	83.8221962044405	13.0042918635944	10.74019950628	19.1736724196476	2240.68363077882	398.644778575063	3153.01613638108	1406.21140668944	288.208419595401	1.2833693755493	343.646014948155	286.590023602797	1222.16470007793	255.24070062689	19.7080984817325	371.37977100854	58.6648818044235	28.8204764764507	128.510014415265	1	0	5	1	2.0773816328474
2	15103	612.563521637049	182.364267052204	4100.5111832979	140.852432489502	147.199883960626	1.2267109239243	98.524900835375	212.437552513934	1049.77437385769	944.316342511224	70.6556906799496	313.829396603479	157.280682494527	9.45590205191965	125.336212740769	2358.42719073328	400.921303054581	8406.61728138303	808.079058716502	367.913875999384	6.90740904566221	599.5184774236	928.282842622476	1612.80693658561	5379.03692439749	303.578157643094	1028.75043614961	823.070428834438	57.6977147200979	538.710843685974	1	0	5	2	33.6434128857335
3	6182	1609.49697539011	372.072127049111	3439.50862299857	72.2269380177134	669.000871560131	0.684329269888726	62.1924728068374	311.165176120784	446.003499377749	5010.06347374004	118.456898682072	990.119569323061	64.2981736269097	3.17949621897972	280.669693585313	5513.42312626724	742.510645917253	5864.46861195051	418.901310336303	1300.07378045329	3.59100801844734	238.799917747045	783.531390688198	542.003178007132	19612.2218215458	646.331862055104	3940.19461455013	228.635155149056	16.3398642927711	775.367612559403	1	0	5	3	12.7077775497787
4	6215	1938.51161994085	377.433480449436	3275.74762730172	484.03898252039	480.373437163271	0.653969448782119	204.010470351023	156.755728602249	982.356107995854	3202.9763207396	63.1865483549022	2499.49806260497	51.6304602051212	11.3459559681272	87.8697772134393	14842.8336972125	743.498618163647	6492.96426407581	2539.74013499811	1162.79701250376	3.48748711026672	918.218348973295	400.471774681685	1664.00186716671	27415.3543124508	381.114315730213	11463.0354130795	193.774210063893	47.5520241185684	240.298227959641	1	0	5	4	14.8818113827112
5	7744	846.943554377965	143.683107567057	2331.1991663415	60.0943653416694	445.743437244333	0.0483641241813544	2.73728894581609	779.001012549722	219.194190656078	7354.94516363769	504.733170707911	1818.19454315105	32.7967595148851	1.29212444089765	1190.26845712295	3753.36193184736	384.129974724587	4836.3168017571	637.66217351468	990.249314426429	0.418412480389025	13.5062862501886	1822.49301689621	368.206588940912	42431.6092320139	2172.41874220768	11039.151042746	146.405330544394	10.8608168717886	2353.2394020242	1	0	5	5	16.855588621195
