STRATO	N	M1	S1	COST	CENS	DOM1	X1	SOLUZ
1	275	136.285971726104	89.8395643054428	1	0	1	1	2
2	407	765.143990620805	301.725894601935	1	0	1	2	2
3	9680	236.672160563377	166.347530656524	1	0	1	3	21.7085579444011
4	26378	574.709672123047	522.786319249942	1	0	1	4	185.911107223962
5	5467	289.238512347448	317.763231475912	1	0	1	5	23.4202742694442
6	27148	181.742968472459	207.070521924047	1	0	1	6	75.787115535008
7	58234	87.0044734587457	141.328538680026	1	0	1	7	110.954711871397
8	103499	30.4511613736264	76.6753778839893	1	0	1	8	106.987080901905
9	20064	5.69864521549901	15.2060753116996	1	0	1	9	4.11314401305209
