STRATO	N	M1	S1	COST	CENS	DOM1	X1	SOLUZ
1	55924	9.58999032015004	45.6643154289915	1	0	1	1	12.2111081773965
2	32835	38.5100598503373	146.073119759356	1	0	1	2	22.9343917035831
3	62876	37.404179966201	206.369864456785	1	0	1	3	62.0456136819091
4	17721	89.1966799326898	309.940412912007	1	0	1	4	26.2631209114588
5	3982	835.759711464524	3218.79809027334	1	0	1	5	61.2879211968432
6	21626	310.717585719987	589.547131744369	1	0	1	6	60.9641649791113
7	22726	101.897433855637	264.623535778264	1	0	1	7	28.7561917294987
8	19899	810.641423589664	1224.42021791296	1	0	1	8	116.504216731657
9	13563	70.2399172186845	154.799951045526	1	0	1	9	10.0393704760889
