STRATO	N	M1	M2	M3	M4	M5	M6	M7	M8	M9	M10	M11	M12	M13	M14	M15	S1	S2	S3	S4	S5	S6	S7	S8	S9	S10	S11	S12	S13	S14	S15	COST	CENS	DOM1	X1	SOLUZ
1	5357	1067.65781883271	1486.96782521968	1447.14464991517	43.2442699798137	27.3268303307728	633.228071649306	1345.24861634355	1.26039184094303	1490.5891518861	253.095952986933	9.56742984095514	0.155612351031816	20.8723003363578	151.011642799145	1.9541327494495	1952.55719975609	1168.29078704319	1359.10303637312	56.1267553606143	37.5833400296524	742.743123419047	1156.59536192105	2.423454328666	931.619206160312	1206.41805641123	136.63924194353	0.0713633219680818	39.541902854088	276.023513170736	25.5778802931186	1	0	1	1	4.71039205238198
2	26180	2139.96928372248	1739.0817652551	3186.36634776862	1670.16012435046	103.405006650023	1020.80001110324	1252.05313685997	3.8230819256527	1650.07933041728	335.944861987828	9.87249081354942	0.264519540022817	63.6384480682984	607.377053583908	29.2421505599154	5261.73489601702	2554.13119673437	4887.63713388507	3179.48372311087	182.963993349354	2085.76086127135	1401.68276914361	9.87078643364831	994.307928530206	1870.7085379292	123.16427784015	0.298846923325701	246.719023481258	3379.1312640154	645.651473464103	1	0	1	2	61.7909855840138
3	17908	1434.21113831239	870.157617907166	4654.48467800898	1007.27922278962	430.266861987032	139.729675240859	280.057010237102	40.4128422280289	830.519894721739	3063.01703483809	145.140238489853	0.315420628002043	90.9068118760265	453.830289628185	647.390103078228	3669.0953924635	1585.49647246593	7462.24366251304	2331.28750443709	581.360279460709	404.101847968773	761.70736219681	84.5644829658963	715.70170722888	10613.098588298	359.167121248907	0.39582340166232	328.410353282447	2342.42668241154	1702.22853140303	1	0	1	3	40.7326076525896
1	13310	652.270934768362	1169.470801222	3171.87697836622	867.665735171845	159.553662905954	91.4414815218984	653.218062203453	30.3728232779675	1599.32104474471	573.912101083252	10.886284335016	2.96655612205943	163.28184650205	1109.29459969176	4.66280188038591	1720.95512123601	1702.26349046455	4114.77679139769	2800.93278705385	334.262192640787	214.397980092417	865.135076402252	66.8601994631006	1046.96796133446	2502.35231658762	44.2125771296659	17.4925126655956	1519.48024816257	3833.54533318049	66.0554367293291	1	0	2	1	30.9718570205168
2	19690	1118.03349796818	506.812786836589	5834.64055720668	783.299053757443	726.687472117389	12.1157607591543	53.4113832875825	238.781370586562	647.379140558641	7464.31349876243	106.165461403506	3.18489512806862	178.16446660191	381.927261322995	321.161638781801	4059.3909694395	842.999258813773	5389.85556967328	1318.49324593846	950.254647625136	59.0860077945016	233.079893920102	304.727208228927	581.743858310504	53827.4532199369	203.551732082483	9.62255152965273	1214.76322045038	2595.28333741506	906.687347433587	1	0	2	2	46.7730405825521
3	21714	1181.15711205963	868.752219349089	6126.45819283229	584.150163284126	217.851893249181	266.709420539625	387.646833319464	145.55506939627	1196.33527865439	4449.49262078997	93.9497281099203	2.19288759514168	98.9129427784175	128.261931855014	250.848558657834	3915.15115112265	2055.28350363873	9910.73375691928	1225.25014489453	449.077863700949	672.887730697865	783.568642867645	207.911366019503	1297.20694641982	34109.3810477823	251.582772220657	2.21807413313525	772.194046864565	816.551330932452	723.234743762039	1	0	2	3	47.1398613943853
1	4059	1468.16593546273	773.187182581352	2253.25163609627	1192.66582867004	80.3375911940871	430.363089871478	904.277871959399	25.4388789119407	1764.31537600251	21.187339158985	5.88851514666412	0.839730684651217	5.67873101574592	30.2340430789429	2.37975158108799	3322.03299961304	1048.37679733336	4379.37956882613	3761.59894697048	359.846230271997	859.339947923454	1693.64527274362	138.551918181445	1310.39440262455	101.294832532834	34.4648608992249	1.14936632131284	15.4631930041325	128.223098040535	31.440988659657	1	0	3	1	6.65574582907761
2	28754	1828.14179947478	1185.89335065504	7325.9629697714	1615.06038133369	196.97175264624	241.698248332242	759.927741362134	64.5014743736759	2220.61346133429	989.086251425066	28.5082504259555	1.42401143958968	44.2982048410519	115.979984119919	7.71289970332439	5482.17263343167	1706.87129558092	9660.1774828554	5348.02444460549	354.505057204198	627.81004443377	1315.19434995042	135.024824916855	2444.70147056766	4492.0253561019	105.893038062314	2.71681249919041	379.145943855307	940.168470393375	117.140931451149	1	0	3	2	66.7255034764066
3	44407	575.745613805717	677.764278789556	6029.21248871347	423.804316484738	304.922683210212	11.0409419085037	164.459398990529	310.846189929392	1088.93012441466	5101.39786077695	224.491252143803	9.44937695489341	269.052991288619	130.939470629401	417.666702765942	1531.19093963525	1890.67824769851	12022.7339942023	808.87935508969	373.450156769829	70.5143924657494	531.192336299054	439.189792189445	1956.11675930769	13812.3085681308	471.021702300005	23.0810192173482	1351.96161747539	662.323141430974	859.607841183725	1	0	3	3	101.859802604304
1	1628	404.071778136001	162.743125668916	1905.20559576229	660.630314332182	192.793024074609	1.10081484863056	119.004866280135	262.5692769999	754.300582494094	90.8547299619196	28.3500478328441	4.64391799604011	6.56134270566758	6.99911470067503	116.883630729361	583.364602166105	113.369245158949	2128.77870702516	1016.38282256129	378.806391075205	1.04819687640399	284.208044638642	619.223126831786	507.162266446061	303.10886390348	126.852102818024	4.14192096679631	10.6074103596163	12.1041745585464	916.692209156791	1	0	4	1	3.82982886753194
2	5346	252.104457197188	145.171603486354	2181.76359375661	404.624321779795	143.749614143358	1.09409111820554	59.6998725312334	208.7118477921	469.807632243641	33.6165637711519	14.5801016646933	4.57123949144227	8.94321388562552	6.43050483578722	48.58792607196	310.034792273222	124.088258268983	2047.87053465482	494.452249931642	334.533320669069	1.30291348346538	93.3985467404841	823.899459490113	375.780894375338	186.303394351002	61.1499774927357	3.90727422579728	12.4306900197861	6.70686825056369	370.961789915561	1	0	4	2	9.7266287487486
3	21263	315.698788916225	87.2022084356778	2772.69891876023	269.15557106094	331.766180990953	0.147327244998171	6.18303805255333	719.281565147328	461.164756675925	1819.63457769661	219.552970636504	61.7831000393633	111.701240747284	9.22552119308971	602.105135853077	459.466763978547	106.99878158587	2314.32030260516	524.808263630828	663.097652323267	0.553373649710172	24.2227262929914	1378.58129652211	455.003689924825	5025.15267861899	1106.84697823821	168.220311626142	297.229531614392	19.350248302022	1087.74457667176	1	0	4	3	49.2555202784097
1	8195	277.073551013873	146.509316363043	2197.16066795168	101.765133190484	80.3798265589577	0.620340929973143	44.7964720932839	62.580656707684	1148.84616239552	321.831283735008	11.6930211220845	77.6540875223958	33.4569974537924	3.93414056388635	15.6650202819554	367.178894906148	133.923098991777	2144.75017472019	262.54050528474	122.805252435272	1.06634130030464	67.7406619159566	149.002840998668	1101.34733985754	1117.41984607117	32.3753042905466	136.50820531745	57.7801114549968	3.14067909791798	67.8586176307521	1	0	5	1	12.6251907078591
2	9383	1149.09804035707	373.234080003701	3963.95853724098	245.013343570633	440.929485084334	1.14012861600479	255.515952648549	197.306355469588	1064.35419582539	511.861252339725	59.0579170187711	202.41015190603	21.8694179185515	1.14829201656547	64.0002518119331	2171.44939924192	388.625448796647	4422.294438517	641.843201228564	545.771671052012	2.46786322822067	557.209221223655	605.145531150974	1011.86835029847	2523.0477186193	243.810948871553	588.611780530819	50.9031589413172	1.03177502860846	332.823284917193	1	0	5	2	21.5908341454163
3	19415	612.810457187629	205.509524428203	2908.92339501307	33.0422486788425	328.115828519329	0.0833500305680669	7.716395515112	515.08652211255	389.408377014253	4619.78873439395	232.902430805312	1052.10132125756	74.8770602705997	0.651275805497214	590.949137515787	995.631812182515	226.807173877736	3356.28779119216	169.073622896893	361.415350563675	0.55956347049	76.5614266219667	810.602292622248	386.595800388966	10619.8525651149	543.173545563574	3712.05955334466	200.072573216364	1.37102395114911	951.340474475848	1	0	5	3	44.4880421843897
