STRATO	N	M1	M2	M3	M4	M5	M6	M7	M8	M9	M10	M11	M12	M13	M14	M15	S1	S2	S3	S4	S5	S6	S7	S8	S9	S10	S11	S12	S13	S14	S15	COST	CENS	DOM1	X1	SOLUZ
1	103	0.868609416262478	1.20496374678892	18.0078996797113	0.00127636085799794	0.0726295305171885	32.2727159693128	63.3895071021	26.2128344528581	0.239518705516685	0.00011540407032216	0.0000299190040890693	0.0000000536574272169307	0.187177972086435	0.00140852747806302	0.00000226637147723038	1.36658812173855	2.23253723174148	9.4879920781591	0.00318845548801358	0.298287505547102	6.12101746675353	18.3281465183725	16.965977897462	1.01509262726628	0.000243094157245879	0.00006959144776799	0.000000109544218280651	0.432396378771865	0.00235240505159447	0.00000416560630199421	1	0	1	1	2.34469371000901
10	1551	90.2831202478996	14.4164818647367	12.7677864154462	3.7099860738973	16.9085538426613	20.9585275535251	7.62254137654951	5.26475765615739	4.80597158391086	1.23268318267679	16.4015470123177	0.714279284271362	2.92584503269725	1.4683174226561	0.352508294216365	93.4975031823068	18.1327752066732	7.83855054913824	6.38552743233761	20.8975607393637	9.60569924359927	12.0467162944993	11.9671489796567	13.422398664023	1.41690954415341	42.6057151147221	1.04584737964713	7.67376121884554	3.30653914878664	1.55412423661762	1	0	1	10	38.5479843638539
11	1331	120.493095455879	28.6599813510613	17.3266181518403	3.76270220705541	19.3845680587425	22.7340226869921	6.88120845163778	6.91005229384138	4.69531781834329	1.2451444772502	23.3427650303165	0.574214463747852	2.88807903068631	1.16866968480299	0.627640863745595	99.101385147615	57.1184208230482	10.6537103115176	5.56147124062252	27.9877440403137	9.37679253216411	13.2313912297444	20.7801361571051	17.3327516544132	1.38150188063285	78.3447289398961	0.871722857775119	8.22060811838794	1.78235849366522	2.69888476158955	1	0	1	11	48.8957389342975
12	463	96.0308042166741	24.7169774821385	24.3236932526887	2.39796027888159	12.735421138921	26.9548108580836	9.11158585864984	4.00509834440702	0.301548622462848	0.577164086825142	16.5324457038076	0.376514079704796	2.36577329516578	1.029673038101	0.563229000793354	82.8687628133538	33.3340244385365	11.0187507191939	3.30532363960463	20.7052903298474	9.36833661896555	14.0756496779813	11.4931227480415	2.07626679915798	0.821433367774899	47.5552856486704	0.862297294168251	6.97832653273726	1.89394154397692	2.76576046262682	1	0	1	12	8.18582148564214
13	3896	95.579619389917	11.019426732851	13.6334399592256	5.36734488652996	4.68246591667492	18.7748237345094	2.32393970677865	0.468910814167648	0.110295158448899	3.28423228827405	70.7694695367517	1.48561287081432	2.57612083709062	4.1757713306199	2.20365372640023	75.9983366808098	15.4186662270149	13.1785735515451	5.05763060812589	5.56383914575378	12.6145523497557	6.1197557831514	1.81522927718455	0.841613713638671	3.6640529124062	87.3719602914975	1.59842756296819	4.08893926975903	6.43484130203795	4.23964396061845	1	0	1	13	33.1588104476697
14	1379	76.4504171131619	8.53629984738197	1.9064755070903	6.35234475377689	8.16437741009088	6.31613821590782	0.210593014487017	0.00248879794919244	0.0313954079131247	6.77228207907121	20.9053656616423	1.74323134211156	0.122575229640581	0.657630968256367	2.43708230717522	34.6742137603493	7.70647040692299	1.59365227100157	7.66184547640388	7.27683881116743	4.80688384714606	1.35814128423764	0.0194609430792942	0.198286677370214	7.48731807518238	36.035715756518	1.60761425387283	0.324447478089884	1.04715611520362	3.52087164924716	1	0	1	14	8.27525275436286
15	1536	45.5400797890797	6.29298264276597	2.31375811788953	4.33992634892874	3.04534476180297	6.34574870769618	0.0320038631967214	0.00222115503963419	0.0055954468278661	6.2977572875443	48.0174864024445	2.20827100028775	0.396878753740471	2.12376895132796	5.01603336510901	26.6520503411009	8.99344588057268	1.97672324484172	3.77222968779304	3.57320113221275	4.10561346920941	0.148208954600079	0.0211429742793958	0.0381189019709062	8.01477745752602	80.9523958030262	1.84694604045518	0.742696115791254	3.24684207135357	5.66892565276865	1	0	1	15	12.3192500569645
16	1165	36.0584674688268	4.62919215507081	4.19910450368712	1.93252071708099	1.7867057260429	11.9314196969219	0.498620497904081	0.0399922171007014	0.025972304242614	1.64083012431169	22.1989457451358	1.2674321975878	0.251331160941915	2.72787877710411	1.72468905092879	19.7222016280678	4.56920869913331	2.6179355134129	2.24236520182437	1.94605810285984	6.47616918815386	1.56063320903842	0.281127169096904	0.195140994511788	1.89055940600462	39.7047214977628	1.47485613546437	0.432645818849248	4.84495020197529	4.16336954882001	1	0	1	16	4.10267503459748
17	409	59.5000275042997	6.94540065951984	2.41780897786815	3.31340864487756	1.45149007448189	8.25476743510865	0.432238098639941	0.00350772955395958	0.00110968172752572	7.80692200797353	36.5573678296016	3.18699247001768	0.0608344173161421	0.568473834929114	6.28998886909401	28.5351739948322	12.6641445781831	1.60438325871541	2.78791529447576	1.54556881213654	6.75943398898029	2.52687604233238	0.033332767264711	0.00899613838037686	10.4011178587745	46.3067824275678	2.59222403353155	0.0903614029736774	0.522090363297063	7.05410589336048	1	0	1	17	3.35665492913324
18	1953	19.0232742467591	14.2552314697268	1.14917326984663	3.71211067589544	0.142703210589892	3.46190748140738	1.46593597157941	0.106829266691589	0.000052703698185197	5.72724817746926	30.4347263065033	9.73709980908996	0.0370424990902091	0.0568641920292094	22.2645479595813	15.9761912408645	19.9842291317662	2.3744357874148	3.88129076692144	0.385934530372569	6.26821682972001	8.13335023903879	0.757414806235346	0.000844245433691532	6.71328703425255	35.939650361867	5.02550423051614	0.0913398040019504	0.112779353590342	9.33882610007629	1	0	1	18	10.8299459618651
19	1138	38.6674456190638	11.5416036164167	5.79762140657797	6.32392191951004	0.968224727008827	10.9739572127823	4.1931706867364	0.692548071767054	0.00130491732628713	4.99208782803198	75.7158980676364	2.27348647670969	0.104826857089357	1.07553677485515	7.11504022886849	35.5466783492787	12.7275859332157	4.21376988853827	5.33404473023022	3.12107886605423	9.9073949762186	10.6762252669821	2.55139506514447	0.0116870834800507	6.76750301798488	113.400904059845	4.59723874898368	0.152226382853321	1.60412965078364	10.6332007180488	1	0	1	19	10.8393426869023
2	291	2.30620667927433	4.71268138340026	16.7748503721343	0.000955319169008557	5.58278501372783	30.0240830487217	33.9471837401006	51.6021933862333	67.9888006427001	0.000135646648518607	0.00000135237595540131	0.0000000669691681552909	0.0345759179747303	0.000259516979245837	0.0000000217034379219699	4.38612834578229	7.42253950471054	14.327304559479	0.00300026923155321	11.3016925296579	8.14631728062438	21.0502478758412	42.6362050797584	74.1752070449986	0.000347781886900504	0.00000669802775210483	0.000000222968839835326	0.153269130076235	0.000891214017387513	0.0000000870434480602511	1	0	1	2	31.6143595159194
20	608	28.1336276631306	6.96062251354142	5.33325557501066	3.75201380494926	1.1571047739817	12.8448847914588	6.31408588306603	0.631726746444149	0.0131122692258419	2.14326537054649	54.2770490313005	0.714565548873077	0.102319568322777	1.2062711331304	3.89824322146936	22.7378854377517	5.89188599431705	3.67223380583518	3.10332184363768	2.50671182790512	11.4559478034097	11.9076280629784	1.34860814009978	0.0825746004721249	2.76317906439548	107.241414299281	1.245329647124	0.254784435925383	2.41850626304493	5.97474346415322	1	0	1	20	4.57326543768796
3	374	12.8356727652961	10.1587627936584	29.2355610599519	0.0448015339065967	8.5490684659428	34.4933969852709	49.1294700957695	28.2038938723146	10.475370527623	0.00416997023643553	0.00200920221406423	0.00000768976006831237	0.682733823940451	0.0161991491192798	0.00000391978879721556	18.7296824895701	14.8877347886459	15.2543951456201	0.101830897844061	14.1047007239316	6.9460131536107	26.9206676087047	22.5638728457222	18.1977733083644	0.0137725539806009	0.0161582381849968	0.0000139528284531718	2.36891417898154	0.0344675078811218	0.0000157089911627059	1	0	1	3	14.1637214608385
4	561	32.0241562836968	17.183147521906	25.9921055624337	0.247464636599598	16.0552857619725	29.2371034237047	23.0258007482849	14.2249483800033	7.22278759191213	0.0214133795290885	0.0427803337007029	0.000215809002723057	1.57672270800356	0.130780083419015	0.0000393496934323568	33.4957643566049	20.3453527846497	13.977521874165	0.312251792772936	21.2611388392751	5.97360087748353	11.2808775824894	13.3102786481795	11.4392942853977	0.0492772163214354	0.190156213393831	0.000292367779727821	4.18132657079537	0.370663038884357	0.000126993851797296	1	0	1	4	13.0607452011518
5	3858	69.4770211187902	29.7302667541269	15.1222666651511	4.19097029118597	12.829054154362	16.477745076303	3.35803574686182	2.00822191231147	0.171714572237701	0.54380067023709	15.5008943431913	0.375083572473457	4.72430889145099	2.21861675199029	0.201265667600242	46.5369867833034	43.945569604527	9.66277976861539	5.00771338255452	15.2470306536804	5.82779870368385	4.07434245419393	3.98913955793261	1.20197608302282	1.04131368198262	34.027413362828	0.404906895018916	10.2366418007508	4.13305978277446	0.476873666205678	1	0	1	5	49.5140441919363
6	362	55.2574916634825	7.11011023453051	11.2569324309902	5.3418816622763	6.140672036142	19.5301437866708	7.0938667468574	1.58317549866229	0.208261822674578	1.1590427449654	34.9141651311988	0.233796952994148	23.8873038488067	11.8071027917855	0.122770432742576	37.043276119989	8.09934819204057	4.81150881355714	7.59885068437924	6.33362439339719	7.80687642401763	13.1364561644699	3.43402819628901	0.845972770987175	1.30029036733022	78.5124719887291	0.291473898068778	59.7990842513193	25.9302949858659	0.396087410298961	1	0	1	6	24.1391391843696
7	201	73.3724488868424	15.8691448923787	9.40768615406379	6.58887168576903	10.0720308386229	17.9003788679875	8.20137639238719	1.61691646581042	0.0932419648198104	1.81749428108484	40.235145578798	0.505177732593698	2.46679300014182	2.45324196846636	0.420905838119356	55.8359684218344	22.2074150081014	4.33551043175203	8.31909672147656	10.5506428059733	9.67782944786406	13.4832059707969	2.61225933860684	0.319265278471612	2.11197413201438	119.957923654622	0.53590790109841	7.13220401216739	5.80129628733299	0.970945524096631	1	0	1	7	2.38896790719726
8	549	107.187159714877	43.0913944736438	17.8869596368609	10.310102719183	18.3229264249825	22.4792365819804	3.89084559848256	1.57398990471918	0.229320672141099	2.19328340867389	27.7738771308396	0.238415469866757	5.18647025413717	3.97321947804984	0.149933941266455	71.9472173220175	51.765375261951	7.71140724178565	9.45684232520087	18.024507184804	8.73687726733439	7.17318733503658	3.28211015672639	1.1951887815976	3.18923775261757	57.1202976485227	0.407966422378131	5.53426305100607	3.63728778391056	0.534098180166244	1	0	1	8	4.89419355909901
9	1611	85.8653248288462	23.745148016465	9.58106727935804	7.74327143814593	10.5428851452515	11.758183490108	0.777262008699854	0.509861833286565	0.0602613821000813	2.43726664904636	60.2459914789614	1.32310737796455	2.24311274760488	1.78610557348916	1.47580169999547	54.5273654373417	25.8320830628554	6.09988176680814	6.46829160672959	11.5650394027835	6.10495169176633	3.25545338402683	2.04036280307264	0.595483411424526	2.17056413025899	144.971785515551	0.761312451445686	4.4525393011924	3.39201178163921	2.62983346047191	1	0	1	9	17.9581446850332
