STRATO	N	M1	M2	M3	M4	M5	M6	M7	M8	M9	M10	M11	M12	M13	M14	M15	S1	S2	S3	S4	S5	S6	S7	S8	S9	S10	S11	S12	S13	S14	S15	COST	CENS	DOM1	X1	SOLUZ
1	10362	2037.80397741936	1604.16674409584	1336.27121586564	94.8658431666769	97.0689849965312	1189.62868839827	873.820134662217	444.899468851902	1.80733331751334	546.601437007685	7.08953046270509	0.200220762350442	219.065772785611	76.830788654786	9.71656789003564	1511.50888582591	3038.74474338969	1071.83654951847	131.20305059056	223.067606556925	802.234764541223	516.651757819352	372.331635830507	2.43937956594374	2019.19990164471	16.5896257268328	0.114797855933012	556.254973148119	244.922763430619	37.2591970500844	1	0	1	1	10.8602232662196
10	34386	7791.78647954451	1726.37859556223	1278.14284614761	233.395446485399	874.967065604942	2146.76113958985	627.162985187837	193.68910866562	100.715798579302	2657.53304843653	37.8610025313225	2.9789937846212	101.804359224062	56.574682132768	36.5311176484807	11654.2736588773	5725.23379540873	2001.61398857722	356.712061923885	2023.62972337577	2183.92230390691	753.434069896736	399.156347415612	161.005765484565	9766.4570768027	133.998868999968	7.38940947523992	1218.55177833178	160.764596305643	207.503302811551	1	0	1	10	90.1139753126162
11	25036	5607.67752900239	408.049168824136	473.788683116145	349.557496517966	385.87154866083	852.737646821395	51.7033472821281	1.95162744720108	332.430231088508	4994.74561527225	219.928445203039	9.96928647860805	92.0676255505416	322.179492458508	332.30920013259	7283.91286055021	954.783694737494	909.692343370479	329.195322761965	485.793253632051	1552.53048718697	109.969572909921	10.9887955323766	449.486758228339	13358.8577948863	334.531326822653	13.0744592836313	309.09963632022	1310.20984470175	544.71271657448	1	0	1	11	49.0178138443439
12	10769	3336.83468763497	426.551828641909	158.971131585157	175.965406735727	409.956364252924	463.739693559314	73.0130763075053	1.05190246670562	349.85073235731	636.214668143054	162.294361334484	10.6982248629766	7.85028174853954	15.9799753245736	262.416922157194	2356.2655897574	999.543826398165	177.021040392569	222.803867821173	410.431197278165	482.776269385212	98.7028309589689	4.21694280902797	485.833826871313	2321.15362766535	299.740879622934	34.8845616218278	19.5041130844405	22.1436873850674	558.719757506139	1	0	1	12	12.1355749385686
13	5665	3578.54523997031	337.022067737955	141.008434199466	495.988459734538	506.644403521778	572.373406849094	5.71047633620187	0.904716291374862	740.300369231471	860.321886193516	176.461754792359	4.25708844383394	10.6822846648144	51.3186337401585	292.675998491818	2284.27045442461	381.226778568989	137.124020075625	557.642620507249	403.043357885282	591.941878494747	26.2087127970141	10.0431133995956	1136.90307634585	5000.5685922737	360.39829367623	4.9044793582519	15.7400017505065	87.6705282093427	429.616539845093	1	0	1	13	12.6980354272756
14	7414	715.127703883816	575.564116748876	17.0406679181587	172.287203974786	46.6879959178058	75.6814120819917	51.8220803474496	17.3734391481949	602.968605504866	881.713120942145	783.045997116624	5.95029762210191	1.4985464187443	10.266966531273	1606.99675583041	1039.38207525839	1023.01682356328	63.6037172974409	174.299092347893	114.224812180214	223.759727522285	144.318707894258	81.8167932655824	557.94136924253	3436.53425817177	749.900396818042	7.72777879873305	9.29562071854896	66.1938809075528	913.843569959518	1	0	1	14	11.8289999548419
15	11726	1635.70148481427	309.26848684579	91.908660369747	190.46634426721	89.3151669112291	251.791356092617	10.4811242843364	1.57156946648963	704.668797113138	1910.79293620941	202.002279129426	62.0925178562038	5.4097739639145	43.4738210005347	769.88547875381	1585.14107441076	349.887535662804	183.377650340589	245.352728802485	136.694643492718	297.516770646867	53.7102303610364	11.9850209579825	694.057584324211	8119.87211775544	276.02997103082	193.364442648865	12.7878378351806	177.970942795664	880.353484638265	1	0	1	15	16.634259040473
16	2046	2615.42867065486	359.604786633038	53.3436798392197	209.690375177155	61.1245908199173	359.558500867111	11.6664727157256	1.73689222898289	735.230146994665	18601.3007959678	178.698218988623	91.7714055078297	6.04024811754865	125.537931109593	965.88887586634	3076.62592769562	501.914986095042	130.06166370787	338.059139888888	156.387941298326	424.65345725596	48.9191896185369	7.69346914851535	1121.32895884627	96257.9112144793	229.448925919736	143.320592194251	19.3640328019558	273.178867228446	964.669796012991	1	0	1	16	5.85969892900634
17	18007	2803.37163051495	319.792654129919	134.883008499175	108.10888928721	83.9986403851481	796.966820654091	17.5874947200027	0.340694673926944	167.064874113632	1767.17240111503	63.994497458696	165.528518397114	3.74643318920983	94.2055063516865	132.394129341058	2598.20079638309	336.280900451421	158.761252867521	111.14161369908	158.937627025356	778.166550989926	32.1628187417631	1.19066263650235	320.860867228216	9663.209251658	121.498618529786	297.246199447489	5.17044844138234	178.688470351627	243.867316391505	1	0	1	17	14.5019301196888
18	11308	3027.53202572146	603.312144498242	232.136435989848	413.389719330645	75.6048794955678	563.288490620425	146.049150746677	1.77364651595398	573.082167274763	3345.58223259316	407.645962242126	226.007064021291	0.684132549982304	20.2215006908492	663.9586790536	3623.72056157568	713.026321684979	221.19494003246	471.084644676517	148.795488401371	725.9492649035	270.293189722488	8.40221673437438	835.481500596929	8303.90752246733	1109.08225318569	429.264079203267	1.04528537127876	30.0918702415937	971.071975039601	1	0	1	18	27.2244153681472
19	10835	3020.04496360824	1041.97524914839	300.909290488943	334.350804375192	108.143825828052	782.737996488003	79.7384140618029	0.0561971261205512	246.463526413803	1811.3041857853	50.1498277724488	1202.4395345902	0.648516277995675	24.2778215046666	279.643886647682	4560.1327338882	1427.98399728497	283.570704701781	300.724820146991	345.054104944688	1015.71293783377	162.213451533599	0.770211689352191	329.171889351185	4733.19775676703	137.574885440808	2488.88819216913	0.863094782772802	50.6957173359113	540.879595271145	1	0	1	19	22.5013659637242
2	5599	3393.76575650464	3782.69151533013	1231.58703382826	231.235957016101	895.206792092537	1272.64294225755	786.84023440933	814.679603693146	1.60305711417408	593.940252494249	15.3873735997519	0.147990330643039	486.577865542559	167.843395754693	33.272008058043	2839.80537450029	6422.7817492213	1143.94560323749	261.223399429087	677.105373747232	882.378206878105	329.369763520207	894.548431537766	2.6282167641179	2887.46205277065	39.7299445196257	0.0815304932305567	1697.4533930338	382.759634764415	144.05578226318	1	0	1	2	11.4780609999342
20	3333	153.222642639689	477.947579538489	36.7144634273911	63.2354617163617	4.42892813215935	43.7717352641938	17.0085288530931	2.27265823633648	862.971883498627	22.0058190447301	167.095245873491	93.3524270960539	0.120301755876537	2.1732311830789	1665.27051068996	390.123526130411	785.595319038534	132.014881039915	143.313886620194	9.61460047108715	166.114078374377	72.2191477582249	14.0078692706529	629.697474779332	103.452998581999	228.175002505325	562.725610626374	0.57738465328843	9.03051904603932	1192.96576406992	1	0	1	20	4.39907144204312
3	484	4065.56168622185	5862.1512327783	2153.52631090408	245.395498911777	788.134889509743	1466.11111194813	805.447088166874	1810.5250451414	0.869661804580195	139.605833368496	1.26021647283547	0.132721109303969	456.50740528662	123.904167923981	0.719524237781713	2302.53502921165	16225.9427216804	2193.02500404368	241.595610110386	457.411179390926	859.939075211821	287.676419120116	1443.14785502524	0.989266592700008	392.112002329652	2.2748399824526	0.0673548398481283	2163.92294086299	341.768868681004	2.71286109855274	1	0	1	3	2.37832363082119
4	14465	3815.42052815245	1485.16045861611	1236.55999576416	175.234985209132	2551.24152422289	1425.85562545577	854.364056301236	852.803826380381	7.77054093831873	372.418701760548	12.6651113845222	0.2159516895141	275.571867508669	49.5109259733493	24.0196488350328	4244.79452387791	2825.73573267942	1825.8988939108	299.857895449895	2917.66289965057	723.635973246387	920.686429646779	1225.23596717288	14.4499368941399	2071.63883413797	31.9796973371787	0.157030809891072	1085.01326605602	142.11262111788	128.308645035462	1	0	1	4	24.9456963012391
5	9757	6196.38816812543	1561.68275487305	1935.84389213538	293.817531497836	1186.45748657964	1519.52471395497	1318.33780401763	623.488937787751	20.5962549164144	564.112928446581	6.3918085083422	0.464706408429381	915.284722389437	63.440821830383	13.7001451833676	8810.77140089016	3956.80074555098	3171.30147779005	600.647224590984	1096.16633871735	932.648798216217	1204.57233889272	776.853225318769	34.4281535534111	2497.18449694996	14.9289262185431	0.377952126122463	3803.69191657844	205.446991418738	81.0258935277796	1	0	1	5	21.020332399659
6	11979	5504.85434754701	1105.02196158328	666.298010058389	480.254030074729	987.427048897019	886.062630081128	393.059503156444	129.829303190746	68.6250437460809	1637.66382230932	56.1518011557243	3.13653928368295	374.204336369567	51.9697804593813	97.8027623462941	5228.85345305134	2908.49293333568	830.793404794941	619.395895688845	1104.74847104093	584.991006456346	516.391944216576	273.726021366331	94.7567072941491	6174.04411757224	83.2831399496328	14.4466544596953	1271.34545280158	135.99995714366	287.065248917091	1	0	1	6	15.4942074030346
7	13695	4252.29030779904	548.140002759564	781.813955409552	254.516572280217	751.928968232319	1063.71879931907	425.784635832279	92.3557872467398	49.84721030913	1446.63534447474	82.6434483605994	4.56679619187284	517.892211609499	76.1197138392826	152.167983434218	5351.37519297796	1262.56621907051	1210.01863731993	346.722597321159	1237.89568037307	874.481653094027	474.907998878467	231.326469957652	85.0991421150962	5694.41100099692	189.083241836084	20.3943953219935	1599.06773892409	292.771309536502	427.751020411447	1	0	1	7	15.9494618470583
8	11638	4622.53762653303	1252.30437866971	640.393370645506	779.927059782599	569.395450819503	776.309012219294	191.775886401331	30.1019353829494	268.073191136796	4959.81565358464	78.7218554958493	1.54900335166753	736.1177429104	427.211387801572	72.4796510244348	3157.56240825236	4228.87364712444	980.018763785062	909.115161090379	647.043867514195	585.042822565084	318.294651348393	67.4300198201745	308.8212667023	26790.8265643686	108.93431000974	1.34177012277509	6127.69308136675	2507.84170491153	201.13138809887	1	0	1	8	33.8037140035244
9	32648	6381.67899573029	1295.87400051096	966.492156103694	235.678916604637	968.030165736025	1264.17685690918	511.929058728057	292.694176801111	112.326502711318	1828.17106559002	65.1899821756391	1.5118797624064	150.609657495361	111.457790988228	79.1601022763567	8309.13001787754	3215.63603433383	1862.24458066872	412.674539407151	1350.47487078822	1075.71247070338	972.850059588184	661.522180997287	220.874992587205	14661.8046799747	131.389047237681	2.06059451294299	1270.63072980627	871.655427614196	292.926446365591	1	0	1	9	65.3874494968667
