STRATO	N	M1	S1	COST	CENS	DOM1	X1	SOLUZ
1	37719	5.51414146381889	18.0426029063641	1	0	1	1	2.54033054347378
2	36740	24.000660931104	52.5183073879688	1	0	1	2	7.20245811600048
3	26444	71.5038427616415	127.702367502676	1	0	1	3	12.6054097103833
4	49610	209.132000734255	256.511546025159	1	0	1	4	47.5014660920033
5	33209	406.701279260215	486.878844005203	1	0	1	5	60.3542101531571
6	23540	642.200412229768	879.344673100191	1	0	1	6	77.2674294464927
7	16918	152.127254656878	256.600220887387	1	0	1	7	16.204547762012
8	6402	919.967858480451	883.966364442384	1	0	1	8	21.1242976677484
9	20570	350.565590711785	517.383723024203	1	0	1	9	39.7262820787978
