STRATO	N	M1	S1	COST	CENS	DOM1	X1	SOLUZ
1	6622	1829.26528749938	1390.78299407599	1	0	1	1	20.9206553438959
2	8393	951.804084199952	879.139482584368	1	0	1	2	16.7610701862163
3	7689	2203.62975798654	1857.78164621132	1	0	1	3	32.4482489687706
4	8987	697.289603503577	659.455136814793	1	0	1	4	13.4625315444515
5	19019	201.907827722208	468.136360811856	1	0	1	5	20.2249189472897
1	3179	908.665170598702	848.479608538957	1	0	2	1	7.95847214031089
2	1199	2855.16414567923	3085.4691376372	1	0	2	2	10.9153622386127
3	15334	715.020544927593	902.945508029302	1	0	2	3	40.8521354999585
4	35937	69.3611423050259	285.860328860669	1	0	2	4	30.3105259001478
1	13013	705.854100659466	1198.19202621935	1	0	3	1	40.8470231223296
2	8217	1908.01371150162	1839.26719818682	1	0	3	2	39.592658949612
3	27258	303.561727683591	786.112994521268	1	0	3	3	56.1352316005567
4	30250	39.3482372590395	113.233750720828	1	0	3	4	8.97341654872931
1	275	424.646430199916	523.399763136426	1	0	4	1	2.69985759605073
2	2310	136.096348602487	129.503985316214	1	0	4	2	5.61138097882045
3	2255	43.6281402687507	55.6686316962506	1	0	4	3	2.35467913363153
4	23881	4.98404475145972	11.572299882632	1	0	4	4	5.18378320502729
1	10439	37.9503420193267	61.6496254953755	1	0	5	1	3.66567337963214
2	2057	712.045702684201	1052.06088760848	1	0	5	2	12.3264946688893
3	7095	185.011388921556	474.773552898748	1	0	5	3	19.1868351363284
4	17743	5.51705742602486	32.998589551249	1	0	5	4	3.33493101922283
