STRATO	N	M1	S1	COST	CENS	DOM1	X1	SOLUZ
1	22011	1893.33189072003	1688.07964900376	1	0	1	1	10.3771554289408
2	6523	3674.14598484652	3606.31360033437	1	0	1	2	6.56986554905251
3	13310	5714.25485410124	7385.94362813414	1	0	1	3	27.4555190047464
4	34254	4735.00759091436	4716.1321241086	1	0	1	4	45.1172759747627
5	78221	6679.31767348697	9500.82391095909	1	0	1	5	207.553588436045
6	20086	3863.48824172515	3503.9158553573	1	0	1	6	19.6558912336795
7	31130	2496.4337801291	1824.30841266537	1	0	1	7	15.8607235391304
8	13101	900.42408165587	1264.27228863871	1	0	1	8	4.62584076635039
9	32516	3286.16367464443	3829.42816672336	1	0	1	9	34.7757620756717
