STRATO	N	M1	S1	COST	CENS	DOM1	X1	SOLUZ
1	3024	1.3223004789306	9.7204613797847	1	0	1	1	3.12994869256213
2	3990	23.0395895113616	132.753018684272	1	0	1	2	56.4008765430122
3	1459	4.46746802071094	26.7592945054686	1	0	1	3	4.15717688393033
4	4535	77.6256450549434	215.658088013224	1	0	1	4	104.138566319049
5	1003	189.225649563134	373.033664062266	1	0	1	5	39.8398332123935
6	3120	105.879231802898	241.67008842798	1	0	1	6	80.2871510615647
7	3349	408.448022202412	545.037097294041	1	0	1	7	194.361285616593
8	483	825.969551610428	743.44496860315	1	0	1	8	38.2353006890376
9	1869	1592.79619657854	1032.86333345224	1	0	1	9	205.551530204654
