STRATO	N	M1	S1	COST	CENS	DOM1	X1	SOLUZ
1	14036	2.73941565292965	4.3262140045769	1	0	1	1	7.21272093720793
2	5511	8.62763436029825	16.827155780545	1	0	1	2	11.0151114950583
3	29084	2.59762761554161	5.9021136506797	1	0	1	3	20.3896361095439
4	13156	8.75194086114049	21.0895106969367	1	0	1	4	32.956276629517
5	66748	1.37785376206485	3.50906448510332	1	0	1	5	27.8212973260918
6	39886	6.84393998903003	12.4064139492016	1	0	1	6	58.7779619844755
7	11660	40.6911591473049	88.58307526052	1	0	1	7	122.68658409092
8	38951	4.06483292890453	13.4418748858874	1	0	1	8	62.190812648537
9	32120	19.2657710788829	40.0864288083807	1	0	1	9	152.939855513895
