STRATO	N	M1	S1	COST	CENS	DOM1	X1	SOLUZ
1	12320	8.29938650040945	25.7515864429335	1	0	1	1	2
2	43901	77.5502631789962	293.978653108704	1	0	1	2	26.21892509872
3	10065	369.441828427889	2310.28622998234	1	0	1	3	47.2393858657933
4	17380	193.448533860834	1104.42869838339	1	0	1	4	38.9952877529589
5	37246	31.475810229487	100.310060779916	1	0	1	5	7.59012287435135
6	7557	189.915786922669	513.906271737404	1	0	1	6	7.88965502701884
7	16819	535.108574450943	2100.48362163551	1	0	1	7	71.7701979739977
8	68244	81.7493220048258	297.724445380484	1	0	1	8	41.2765740120828
9	33077	32.4252491234597	62.9767290706749	1	0	1	9	4.23185606156275
