STRATO	N	M1	S1	COST	CENS	DOM1	X1	SOLUZ
1	1144	307.619861638057	174.619754853175	1	0	1	1	2
2	10560	206.130080574359	100.28166779166	1	0	1	2	10.2895803107767
3	15004	743.320582970838	400.981251835712	1	0	1	3	58.4579144961765
4	14608	519.663560050666	297.481374098672	1	0	1	4	42.2243267793734
5	12452	312.493676267838	212.260547927921	1	0	1	5	25.6815119184995
6	51810	214.764028047634	171.434756518678	1	0	1	6	86.3027554829805
7	109670	206.747400865141	143.721083637194	1	0	1	7	153.151241399005
8	17281	98.9461977599442	59.83290349307	1	0	1	8	10.0466470046254
9	18623	58.7336936440882	60.3890433192504	1	0	1	9	10.9274791808483
