STRATO	N	M1	S1	COST	CENS	DOM1	X1	SOLUZ
1	11253	30.261828595943	75.9172491858409	1	0	1	1	4.38360226913668
2	22858	89.0959800017953	155.091909105324	1	0	1	2	18.1907133894014
3	19426	237.833566820505	398.642124199101	1	0	1	3	39.7364379585553
4	28468	692.91689835356	886.158330329791	1	0	1	4	129.446598380916
5	75295	259.2299796352	411.234231318635	1	0	1	5	158.883119033346
6	11605	178.959133434793	203.824254518558	1	0	1	6	12.1373358182503
7	20108	325.271438396008	694.842734636574	1	0	1	7	71.6931658087984
8	14982	96.4930443400484	117.496479015776	1	0	1	8	9.03268792940647
9	42614	334.394715610703	406.920440656511	1	0	1	9	88.9783132340881
