STRATO	N	M1	S1	COST	CENS	DOM1	X1	SOLUZ
1	4958	0.0152461742113246	0.0382428540550413	1	0	1	1	2
2	2547	0.188690990049369	0.210147991419592	1	0	1	2	4.03901905850205
3	2228	0.458809784453947	0.468891549310647	1	0	1	3	7.88332273013839
4	3515	0.888567414872317	0.808248081774936	1	0	1	4	21.4383682204354
5	4614	1.73374073635721	1.44616838221668	1	0	1	5	50.352167062874
6	1724	2.78675895287189	2.05742974929183	1	0	1	6	26.7660318713494
7	1115	6.10625266026334	3.94664169002993	1	0	1	7	33.2065900513694
8	1513	11.397226026895	7.04303379406959	1	0	1	8	80.4119167443476
9	1125	0.698871237920029	1.33654203246445	1	0	1	9	11.3463678105847
