STRATO	N	M1	S1	COST	CENS	DOM1	X1	SOLUZ
1	6357	0.673735507285422	3.03810527408503	1	0	1	1	2.72655220141133
2	3061	9.08800399455724	18.7917421002979	1	0	1	2	8.12061946858703
3	1901	26.71209050489	37.9702660824187	1	0	1	3	10.19024308916
4	3205	65.3858893967439	91.1710952516179	1	0	1	4	41.2519034668938
5	2580	138.553870948656	170.172687047127	1	0	1	5	61.9823944193561
6	999	220.187642844383	272.446228946361	1	0	1	6	38.4242214054772
7	2229	311.922601501922	379.164848409441	1	0	1	7	119.31551588115
8	1544	692.552195238093	794.907921178652	1	0	1	8	173.269813351983
9	742	92.0837552671996	157.644867526025	1	0	1	9	16.5136291773732
