STRATO	N	M1	S1	COST	CENS	DOM1	X1	SOLUZ
1	9053	1.83056767560904	34.1915785862022	1	0	1	1	2
2	3091	182.314954448561	1540.79415750613	1	0	1	2	6.65608678181243
3	12826	34.5939010442814	464.77731561091	1	0	1	3	8.33127569979682
4	104412	3.01758013449933	86.7465379913943	1	0	1	4	12.6583737254486
5	41173	20.9808683660971	330.55101377709	1	0	1	5	19.0206937586898
6	30635	115.38277916244	1228.98865961844	1	0	1	6	52.6188203781075
7	23881	685.556864418411	3518.40721103528	1	0	1	7	117.428620308147
8	5016	4578.85999101562	10498.3047972135	1	0	1	8	73.595634329027
9	16522	11803.7201122259	15699.935583328	1	0	1	9	362.523225914898
