STRATO	N	M1	S1	COST	CENS	DOM1	X1	SOLUZ
1	1989	107.257329890519	481.85582643134	1	0	1	1	3.76599401748392
2	3830	847.741775570561	3489.72345738131	1	0	1	2	52.5191289642209
3	2502	5288.97552729806	26759.6696005293	1	0	1	3	263.084814090113
4	4451	1201.7062728811	4718.56046941337	1	0	1	4	82.5267699197269
5	1139	8997.79097425074	18776.7556794498	1	0	1	5	84.0372838781884
6	4200	1545.01653769924	4464.40966243231	1	0	1	6	73.6785478722448
7	433	14660.8040458477	76680.7991686662	1	0	1	7	130.467474223759
8	2196	947.651860075572	3284.27122809527	1	0	1	8	28.3399499827616
9	1878	2892.19593671904	7412.06993411048	1	0	1	9	54.6969140090268
