STRATO	N	M1	S1	COST	CENS	DOM1	X1	SOLUZ
1	4290	83.5248300868023	166.825924683069	1	0	1	1	7.56128672369651
2	9229	25.8322109962078	63.1381167014195	1	0	1	2	6.15631939606799
3	7282	169.978537056709	471.174530356273	1	0	1	3	36.2499452376235
4	5159	18.1610711520754	56.3925028106861	1	0	1	4	3.0737020843143
5	24750	57.0512150393657	203.467506021894	1	0	1	5	53.204104641548
1	19052	78.3800149955496	357.439348878728	1	0	2	1	9.14063273031243
2	3190	1269.26528953666	4453.43556179223	1	0	2	2	19.0686163924502
3	22770	51.8268017857974	229.772608529284	1	0	2	3	7.02254630494982
4	10637	214.547245071113	1444.8726246215	1	0	2	4	20.6291839383859
1	1364	413.70032442089	1278.9168496593	1	0	3	1	4.272024333399
2	42020	39.3110994037321	121.049991844216	1	0	3	2	12.4565521575949
3	25069	380.171397849436	1400.6090256672	1	0	3	3	85.9866380932362
4	10285	52.6826351189131	210.369129763212	1	0	3	4	5.2986269571969
1	10142	11.540672585624	16.9371810145798	1	0	4	1	2
2	12870	63.8976027177022	138.861737317323	1	0	4	2	13.8817854598035
3	5709	261.607217677962	519.399707964837	1	0	4	3	23.0327572756348
1	2013	64.7411506935055	98.221362915467	1	0	5	1	2.30413042320828
2	2310	327.921445099908	506.860443693878	1	0	5	2	13.6445025435877
3	33011	35.2391968291614	71.5422589423986	1	0	5	3	27.5219154767973
