STRATO	N	M1	S1	COST	CENS	DOM1	X1	SOLUZ
1	28743	18.7652460674305	152.141726956469	1	0	1	1	18.8110766402776
2	99506	20.4471878815741	74.7352413983977	1	0	1	2	31.9895349509951
3	46200	174.926971797286	349.711386444769	1	0	1	3	69.500025649059
4	10428	347.305093974783	569.500904104851	1	0	1	4	25.5463381614061
5	836	2317.36805848208	6142.89835308551	1	0	1	5	22.0908701488
6	29414	76.3078808641338	210.899353869093	1	0	1	6	26.6847140684273
7	19074	417.557277870241	850.531587776637	1	0	1	7	69.7855397870963
8	7293	297.123774814282	649.96292623572	1	0	1	8	20.3905065653634
9	9658	112.398313156706	257.146674328844	1	0	1	9	10.6831992740566
