STRATO	N	M1	M2	M3	M4	M5	M6	M7	M8	M9	M10	M11	M12	M13	M14	M15	S1	S2	S3	S4	S5	S6	S7	S8	S9	S10	S11	S12	S13	S14	S15	COST	CENS	DOM1	X1	SOLUZ
1	3509	1297.52800481511	862.86176684964	1492.08008590298	11.0368827344242	61.3845110629337	1699.27183506492	1038.07835060734	627.178241444677	0.621229861858926	19.5985370394892	0.346845153601076	0.213212935398017	96.2627528194125	13.1618182284393	0.222320002887747	1257.91220982921	1943.63394315523	1160.5596275384	18.4407015425077	108.613386471618	960.55902910675	571.871154723344	419.967290674951	0.875919063258775	93.4441425603174	1.38768707017282	0.118306300142859	242.968201523371	28.1038113606669	0.718141663063786	1	0	1	1	4.18900269779936
10	9933	5065.05042864132	1346.36240706307	972.056921518289	262.84324560437	691.069373070935	1780.26437405091	596.258947420099	262.625969424278	123.867506244249	1266.8240007275	95.2618758951792	1.1980386508967	22.9490248178615	23.1351605338522	97.1590339452493	6351.21822483642	3920.12493609078	1256.43784047883	580.494707613938	1511.97735034462	2352.95584546235	779.139760272208	485.724898214207	236.685299125237	12203.0306313433	188.649337156136	1.449183948011	129.943222681857	57.1326972270481	332.799543124426	1	0	1	10	27.3905569446083
11	38742	7080.72060147469	630.081644396342	899.798537797368	334.737321480386	390.166231646711	1457.80325762038	346.677445491283	47.848162284112	215.638173516006	5120.91245641196	139.742791486246	6.66788867982271	81.1106527035468	200.883757675757	177.257462884028	10629.75572573	2132.85946907527	1911.81884472554	365.56419159188	486.194494520619	2057.75486134319	653.928588734598	129.955105055576	272.261536244422	14195.9165449914	265.996520729091	10.8306494784333	249.763164570166	804.129278884827	414.681977525314	1	0	1	11	92.0782700548087
12	7326	3377.90389786975	317.805921965422	305.885332410898	254.004983983126	76.7007637515312	378.324781119945	51.9255905755687	5.12091968177978	416.013155693621	2630.61706961952	330.393892939379	10.5842010433027	68.9298517568912	237.491337601295	651.848013518593	3340.11170538821	597.997193624131	588.074567618107	228.373301145659	134.266083814283	355.212484722283	95.7566258410831	37.4395850255879	659.933744287016	6581.84831583569	470.359213366849	14.0940004903175	352.270699810914	1629.91335605918	784.749519423853	1	0	1	12	20.8799469255633
13	7920	483.297348840075	570.561230150804	9.98631039891958	124.807376236778	19.1867938006497	36.2135433312485	59.8555608985587	16.7862996489696	526.308861525812	776.15823565743	756.138475638533	4.73284909004419	0.606936209639747	1.38242162264331	1678.58945927118	1027.954008833	1003.93093825285	42.0135868595057	156.534281406943	36.0413767313919	71.9451822475471	150.904932844279	74.868797226483	426.027336758892	3339.50523108123	725.112859706675	8.55921832074774	3.99549472449897	7.54108363112932	934.152203318253	1	0	1	13	21.2607613356277
14	28589	2591.17905717693	355.200421868682	123.944720522452	232.942743316738	295.51608020849	386.749324130428	30.9010065222899	0.744896507715611	624.145011669175	909.772464429492	162.024460830468	25.8753040577183	7.32649126703761	29.947764606017	526.487145228168	2233.64788810995	682.506061156504	170.913305815889	343.352644053176	368.267599325535	467.738168956764	74.320455202844	6.41837047408975	784.678525914036	4316.93082634334	268.494686000742	113.828935551438	16.5636061850759	73.1872185599572	809.649326280115	1	0	1	14	32.6619066196076
15	2662	3199.83497039271	330.401263526756	83.9293018091115	293.074620515067	86.947519037425	456.008543410515	6.92253524461944	1.78859868850107	670.593701956784	16011.606846491	133.048951000083	138.138950847423	6.7218266546213	176.662005859763	569.572295760285	2753.21375379109	420.704659178919	192.07682792617	349.786421646686	182.577968764	404.060774533881	46.1835213401451	11.0824576475096	1121.90845421293	85121.5759358552	177.083934681596	221.002871107871	18.1815540534674	399.935354346998	661.459845154606	1	0	1	15	22.0111607907738
16	18755	2804.49709874464	313.226046418496	131.795116414975	109.213209278338	81.0626687614102	766.314020494888	17.0063554591327	0.345123118867316	220.777452388548	1821.29758034613	89.998723863147	163.050894171626	3.54700316704065	89.4619830509754	191.220228995545	2679.60695048513	336.966244317651	157.599191516641	109.605422315948	154.497453823256	776.638143088691	31.5665919238114	1.1534709256878	430.534442433828	9530.29490862461	201.671850995518	295.514523698168	5.03537392944924	175.166585204514	386.868779473668	1	0	1	16	23.9903884237575
17	4587	3354.10123266671	638.279660741851	212.460484953382	260.418626822148	126.411993953841	837.645326205115	266.241640879871	3.26188107791736	444.484492576402	869.022806726873	215.827100685422	92.8432795455687	0.850247447783513	12.8323217799903	670.602189817351	4541.75270245895	663.106681111721	212.502594489508	346.605141539578	188.034230723365	975.424497431933	308.963666890656	4.78595779382723	877.416467029863	1974.42781409426	435.545372057917	146.173366662641	1.17601851504169	14.6143178370204	1058.85340267314	1	0	1	17	7.49483612357698
18	6875	2388.36324124607	633.714877361576	240.747550110651	507.694290241163	34.9300588765718	359.747842449117	64.3747304783102	0.332133369278742	590.060326719669	4680.29581048631	466.647149982132	338.045464690804	0.515423982639803	23.872438488421	714.338212647842	2576.14905400425	775.268643921166	229.955956084097	524.671699042796	98.9133645710154	395.159290529459	199.118788855873	1.34626907160379	695.665625463532	10189.5536005664	1360.5595822754	558.168587196734	0.878610054732673	36.2665717941804	1053.2029405192	1	0	1	18	34.7072441198303
19	11066	2948.75691347492	1023.14107204847	299.621442589849	330.20388311652	105.595843403905	772.396991230713	75.9172078477477	0.0194167509764793	271.247706635505	1709.85457477427	56.6237810357968	1176.99875996113	0.65859784987231	24.097794931334	287.126545444946	4521.28040694793	1413.66913995544	284.078880897905	288.774613576459	341.825164066856	1008.76360917815	160.436949157881	0.0666492960619416	385.329162084042	4638.25783123843	141.720696013213	2480.17624952699	0.885844161582734	50.2790068912179	498.811084811463	1	0	1	19	40.4405903601145
2	9625	2406.36321775568	2253.10722439413	1202.46501876888	172.806393617197	209.368230413298	955.850227808234	738.535493243401	387.31705308578	3.21076162322441	1018.89517033019	20.0828811802134	0.189183353450184	284.55905363149	123.671528319887	38.9504499663788	1545.45262087548	3684.81635875841	965.6037134245	197.248081335351	432.19994810423	643.17178873526	472.180513010177	372.398299678739	5.21317450586871	3214.36672906863	42.7005615001173	0.111059496492757	658.235526672388	314.643861659909	128.938813559988	1	0	1	2	22.4664264271344
3	6171	3146.38666414665	3660.93066788083	1666.75857528661	189.708358302722	1161.8952378972	1511.44970865246	1031.57766314052	1487.45435458077	1.41858596722706	292.402494709655	5.91873957760151	0.140057896066615	392.964409455051	116.101821536381	9.26073718834617	2846.54047029939	7730.12033949179	1840.48735667059	251.740749370124	1124.88299094275	974.032775372517	614.146960225396	1460.67451533306	3.88230224328332	2150.87507221761	23.3812644263671	0.0737045460013502	1699.45841701158	311.016263187471	55.8163493455754	1	0	1	3	29.630347057542
4	14069	4407.46370993897	1277.86671995224	1057.49292849179	225.001023885504	2528.9016758107	1323.90696035653	748.863462214924	580.80178963012	10.4740113152201	562.258405991614	19.855898687852	0.246231166842273	300.728699273509	53.3239179007684	36.3820509965732	4525.05012541747	2278.91963660821	1654.24495863984	365.19672741929	2925.82868472938	682.185648442596	911.035415547	900.83691834729	17.6568775142368	2972.15893080044	52.1464884563995	0.199244287670938	1150.30934076066	181.567091532958	163.426125428564	1	0	1	4	21.4871097545292
5	7084	6816.44784307588	1960.62468526124	2008.79019398647	370.949161632809	1324.16397791308	1501.41313310743	1264.57558370978	656.150938309718	26.6686103797252	740.103901538431	18.8674385992903	0.411938365105879	718.414756908149	54.2437814367766	65.6391447995211	9223.26369197237	4737.63783504513	3046.82195532466	663.400212344966	1194.03719819194	985.784185476649	1162.13724415464	803.004647155159	41.9381027179888	2962.47905362659	57.0669570208091	0.292053522536229	3541.30071282154	156.693894641337	264.097044965856	1	0	1	5	23.0463457239821
6	23738	5087.85499413834	678.41063675594	867.641087769195	300.223705214921	928.000780460143	1130.43223984929	536.948090674607	126.689334738494	52.9671858461343	892.564652925753	27.946135172512	4.18520303343059	631.450887061899	71.5469365111431	33.723568593835	5806.78290261153	1928.26966272274	1564.04168952692	493.038864645702	1160.0567762003	760.255333145815	671.164038263526	288.446059126682	81.9630640335631	4316.57763676858	52.6986676224258	18.5632914559784	2118.30205361204	249.303671941821	164.373214723621	1	0	1	6	37.0294803361062
7	2365	3707.13725250002	886.545117710462	1023.83843098628	538.860971500306	502.076742787365	1057.57413046017	405.955418122891	69.6679614945822	107.771699680261	2156.43867272713	48.0535058447576	0.870153498665335	2467.16124803297	1193.57098390802	136.069155579989	2954.71124168899	2658.37923359651	1403.5772208181	689.369570874462	700.750141903884	645.607170794523	487.634175684647	249.70822464349	178.576123682141	7617.67521725422	126.198089923449	0.658414241203592	12623.944118836	4759.82602707565	419.152381582845	1	0	1	7	19.6989147387882
8	41899	6465.17365361484	1530.32701142677	966.383225504151	344.663229119397	1072.04706283189	1334.02452074543	467.010993892667	253.583351674207	126.865830784586	2575.99774033756	48.8514343104175	1.49430256387667	219.974149023338	140.356997469003	66.6899380311925	8269.97873936984	4118.65408895442	1698.32629488733	570.401529675461	1670.29100299075	1139.9286738071	881.309592411496	600.614813409811	225.725574499008	17758.738020604	98.4406858695554	1.94097264380105	1894.38390891651	1009.59017233651	245.183938484993	1	0	1	8	143.966310381372
9	6237	7323.33725710563	3771.10357672677	897.345641584674	307.908783628791	1597.59856372298	1666.80422990873	294.62740306842	272.042926659784	125.130444188035	1277.80981018115	76.3341691614442	0.995929209189955	41.6451742189024	27.6478414945087	56.9160948336692	10500.5842062576	9890.41095569997	1012.33096879767	564.711733666461	2894.66214724864	1631.09774276083	375.147955966405	583.70181905873	235.958813704035	9788.28054454992	149.52702111796	1.30452556154924	519.243787565613	57.7747804256924	256.370556690571	1	0	1	9	38.3692966719542
