STRATO	N	M1	M2	M3	M4	M5	M6	M7	M8	M9	M10	M11	M12	M13	M14	M15	S1	S2	S3	S4	S5	S6	S7	S8	S9	S10	S11	S12	S13	S14	S15	COST	CENS	DOM1	X1	SOLUZ
1	69	7.33066547741231	7.92502895919485	22.6186244364021	0.303432095554396	0.338406515994923	25.230022404488	38.2541895741785	18.8180955873199	0.0110614101949652	0.00442825167221971	4.41678832905505	0.00635314162931357	9.72793860650503	0.733128804321685	0.00168244246214772	6.34761960724959	7.97919224357736	9.56739615402721	0.594531190089006	0.693095450014074	6.64789928231895	32.2708181510638	20.4555711932264	0.0268369810156816	0.00860882766390229	15.2074279723023	0.0164895371318321	9.58773296847155	0.937327278595086	0.00556279406232974	1	0	1	1	2
10	162	40.8895640630482	38.4708081783537	21.4322952302396	1.4412958966693	22.2621071738183	21.1920180328622	18.231136873788	15.9357791457727	4.71615468218686	0.0900495731968614	7.7135038675026	0.275412279208517	1.68276645218937	0.384582920141499	0.672694779641414	35.3132548610733	32.1314086002475	9.6978710448339	2.10040225443815	24.4469414042339	9.4989638030381	23.9966729751374	21.7456693928836	14.8183549497633	0.195527875974895	24.5590158781037	0.750614184655206	3.1428986118971	0.677801706032483	2.61439655120116	1	0	1	10	4.28596024017787
11	178	45.161045563818	17.9355213603731	13.3600401415368	1.77645288774587	15.7350406721153	18.4308310107075	12.3290542429413	14.5482144241525	16.5636869499879	0.208801589197725	10.5230340508776	0.378168991574946	1.3551980326667	0.503182481300585	0.585902060155681	48.5599797613019	15.6240344303712	5.99447693125891	2.14128809105574	16.495629640127	6.34956047785866	13.3281905412804	20.6214621587198	34.8180814642987	0.354247433364755	28.1950012153254	0.834174345007958	2.99715010090258	1.01549943129856	2.40385995144132	1	0	1	11	10.1581506353856
12	63	63.20185336903	17.9385734603431	11.2997931343863	3.50578898360327	11.6657393983571	15.3882098484684	4.62042364064247	5.05414760674538	2.4074159432663	0.323579619239503	32.6491865658759	0.888378976673335	4.21505585148397	1.47249007256949	2.11979746198234	49.3948215970536	18.517218951773	6.63165105774947	2.6372383814488	13.3048981876356	6.75145428912895	7.0406335207781	12.5083365866955	7.45187926783675	0.272248504895655	52.8167981407383	1.23292280911	7.2045628408948	1.99617879110772	4.46970382570717	1	0	1	12	2
13	317	66.3366226672388	7.60525272356589	9.51832208799263	3.47660422669585	13.6914878626463	17.646429993649	6.28541368059677	12.0717319102442	40.4805571284275	0.38811828766885	23.0785482211609	0.379976331488133	3.24094519675511	1.17873638544227	0.516749468784978	55.561218021138	6.69309871202965	6.22104321893927	3.41034288411826	16.6385882718102	5.87065291134732	7.60006472049134	19.8306387282119	76.6338978795212	0.390001288669525	68.309338895332	0.735030182244954	7.59238770233394	2.05582928951893	2.14279776181364	1	0	1	13	39.4373436319171
14	133	92.7751407107162	11.1659869998953	9.38346128498105	5.74677479480475	19.9168219616561	15.6723441764479	6.47647617477401	8.48560083787692	13.3343024094847	0.506583547393115	14.9802139829252	0.523331646641955	1.77255914905521	0.721332012329478	0.911351917732328	79.6938709867047	9.5657728084257	5.92682999223598	5.1307920870114	20.096969135372	7.20369482135306	11.4507062947349	15.6562573027764	30.3286296393496	0.42992482878752	23.3852139094546	0.733783251464027	2.87749415606478	0.96176062358238	3.00623737858549	1	0	1	14	6.59718749036804
15	82	82.9585038028297	20.2645608877021	13.2674548456825	4.83831561766829	16.6313869880323	15.3716773968396	7.5290121433492	4.86155615452132	2.6973249114157	0.444545247968915	16.1270748480689	1.09327109773766	1.11076382823142	0.534630919870388	2.41541815503216	64.7790443523818	16.5566258361947	10.607126319072	4.03945127482312	13.8456060520815	8.83090080124386	14.523916458966	10.0083118404059	6.4881520598362	0.360559528970327	26.2444539996397	1.3623181924914	2.12563433808039	0.817365976400381	4.8516355261928	1	0	1	15	2
16	178	81.6653958388053	17.4059490305052	19.4162313337308	3.80157380717356	17.9249124390263	20.8339299494147	9.98656975869868	7.84259459024824	5.64491375241953	0.385794867480248	11.89147319326	0.5658046250834	1.55012613779147	0.701595787812535	0.514716543567979	49.4967280988417	12.681476026657	12.2300940492139	3.59644690473547	13.4988230548222	10.0799127540251	16.489114348649	13.846320612009	14.4029729071205	0.384837253374435	30.0803907967143	0.728210114331305	3.50764693928901	1.07490664151359	2.16960609466445	1	0	1	16	4.36241838957116
17	199	82.8559077976246	25.7751313129279	21.0234110573518	6.67720612151127	14.2049450672205	22.5982848545398	11.7810464347898	11.9476216899656	8.27606823075138	1.08268976861289	27.3757302882296	0.991517010234327	1.8940201631597	1.16393074674746	1.56347731078619	52.6477555279554	32.9204358104962	18.3799704965892	5.87569428713091	18.106016950404	14.2238422511104	20.3865456192361	22.1644493276834	23.2115675145614	1.44570806774932	49.5488873753111	1.26103127114276	3.84904673716116	1.52292428912112	4.20851604116035	1	0	1	17	7.78042364523343
18	190	75.6494949914042	26.7266362421493	30.774191932229	6.13669465087742	20.0104191240686	27.3736419795494	17.9090444606471	12.9795261229058	6.82065445632322	0.789028400751839	11.3418959300221	0.676266665953356	0.926652888398991	0.42347398008142	1.45587422947014	52.2787437744663	17.692929758078	23.1325272962887	8.33136957151701	23.6562995303518	14.2203452870691	22.3354597357476	15.3142063031661	15.0042817671544	1.22543920190296	21.5133188629915	1.37622459208492	1.0795798071193	0.5405849625128	4.06224876152588	1	0	1	18	4.91494670123628
19	249	49.4567738780013	24.8473295761086	21.2059256705483	5.60453629114309	12.3201265840681	23.1045061876886	18.2834930768265	9.44302064678877	2.93867691061325	0.591074692452369	25.543567883742	1.35698518139138	1.96981419079394	0.63037855326689	4.13798309920484	45.9353118904051	22.696396478804	13.6601813874725	8.08998945831212	14.5741354487586	12.5131175230418	22.2500627561786	10.1515813041283	6.78158627490005	0.843957083486384	44.292257526511	2.4485965360912	3.37034484433253	1.10049615954942	7.49274191384677	1	0	1	19	3.42751581638636
2	200	15.8329727483737	26.2536832443257	16.6035904240985	1.23308856666567	1.44183733836751	15.6750932236364	9.13610281048543	4.39421811303546	0.0180648240641483	0.018446227980377	30.1436936778056	0.153132890928512	4.36925639758348	1.0700879314194	0.0730864320796799	7.28381261622268	16.6134131956665	5.78896452039802	1.18462126180632	1.63644196257676	4.44059673570067	13.3626783466371	4.68356270533657	0.0523175681087541	0.0220174836124329	45.6192181071913	0.149250487982178	4.83801205738706	1.01751174034947	0.122299404656539	1	0	1	2	2
20	586	45.3727382258861	11.178686333391	16.8369057324251	1.84436429539369	10.6402396281749	22.7332830537064	21.7281350843782	7.40918014180129	2.22686144921542	0.330088660496804	17.5756725571828	0.375725797229911	4.46603823382583	0.874197429687807	0.734300278974024	44.8719108661497	12.8839745228665	10.5983116040133	2.62573950756205	14.9281350841758	8.30058911927531	28.8658990162862	10.4981388193655	7.3726057572331	0.544302869880389	43.3933339280938	1.03941368732304	10.0340453109736	1.59083101115069	3.02115483771473	1	0	1	20	9.75292216081925
21	493	87.5934608037181	16.6904455962152	8.79695026796036	7.3766718755899	11.8285540815627	13.1949726650077	3.35215180152465	1.6194626633238	0.66623017409529	1.52592844144668	33.8580103090904	0.980947595205132	2.92912721655234	1.5476800068782	1.33177919695122	45.9684453811624	16.5749152726394	5.91897881089249	6.46977457632187	9.25605978937193	7.07661023565194	9.41936732930287	5.73337732415204	4.02396649537375	1.23459945148104	71.8689370031146	0.966009198691912	6.60585265857264	2.22057901518339	3.40638051257435	1	0	1	21	4.34165755858482
22	242	75.7758052139529	7.91354818416388	9.07430106127691	7.34887512096232	7.41064985631364	15.3564405350315	5.55982682330014	4.29843584274226	2.77057467582642	1.74720195195076	21.6546838883328	0.911302024577721	3.05085689541857	2.36459884850573	1.69970440839085	53.1178358638775	9.56787722089256	6.18770171019135	7.35459642720774	5.83095170671851	8.31966449749503	11.8443772956028	10.8651435284157	9.48762649191659	2.01715586516423	53.3571197982313	1.3796623059074	5.89050455745265	3.31902412139588	4.90697714248366	1	0	1	22	4.06890919589536
23	302	87.0383128651266	13.5875351160891	11.5114579981267	4.64778677467382	16.8059908591431	17.2340021115057	2.96333096584704	1.06758829736096	1.2056022768944	1.35940494301872	16.2376450038823	0.696092496688201	6.36600695561145	4.41689564904186	0.765597168021154	65.7719898656814	25.3110179428833	5.31251734379989	6.30077462748855	26.3733520957428	6.6134905809225	5.81089608959793	3.76165339102397	5.11490025687769	2.23049439154074	38.0621884880215	0.98798267297529	9.85289295457617	5.61553499950251	3.05371149286413	1	0	1	23	3.3128109617649
24	477	56.3589834920773	6.864384353079	13.2097589597563	1.96822940308624	9.6374406873863	20.2520756322457	4.70655338835318	1.06719117800908	1.39323575112844	0.501654225014663	12.5304700973123	0.482267386234782	5.47339762836709	4.46477913418601	0.637510503318773	44.5974329813743	12.1581096816998	7.24686405950264	2.51581981249995	16.112411711811	9.39164760220432	9.79437224153375	3.25845805833109	5.74310125834152	0.741403368005488	26.0970713085562	0.891341358920344	9.34678166676233	5.70631198591076	2.8144217136976	1	0	1	24	5.57840268008097
25	254	47.1501030279139	11.1631482795226	10.7861703428572	4.18099470084952	5.35275183540457	17.5487497624639	4.93700813319646	1.04127382477976	1.16845605445039	0.992561705419917	16.9332770290934	1.02104354139019	3.49385575147769	3.38126497498935	2.63998113649895	37.3477113285917	18.5877800577	5.95023028637582	5.82663815144617	6.2302206497241	8.60293840091308	8.62779766195327	2.44261745468049	4.26015060543833	1.45974460374831	29.2778098590491	2.07331847286981	6.1621839453402	5.31055232689304	6.43597723943945	1	0	1	25	2.22217878527281
26	185	54.201186544055	12.6864056527136	9.32723550783166	6.17173054881943	5.2341494175754	15.7566134463632	3.1987126933535	0.810989542651153	0.110368922711497	1.70106305614218	29.0646371289459	1.25620707060271	14.6947585116172	5.46924517280119	3.36866879076917	36.5000671036168	17.4383969183859	4.91415652687584	7.73795062433465	5.94338335125939	8.04026003052203	7.4058874887376	2.77823534394315	0.582199920094286	2.3041662100931	45.3749260746302	2.40493693157774	42.8625765370823	10.1797223532818	7.60361204276375	1	0	1	26	5.2902846214949
27	238	56.1732097862534	7.79521886356558	10.5749240226403	8.29175846158346	5.53172027866103	18.2691460868846	7.61719838160983	1.59757080313099	0.221968975228278	2.11905586117538	52.5223891927098	0.633543889425022	24.7658542040552	13.8933410976672	1.54731175295478	38.0794872311901	7.32903030866164	5.17192446729198	9.26385347621773	5.72742950819907	9.14219425265574	14.4025828401715	3.34540554078924	0.908878460001376	2.23850694307917	86.5164003672433	1.36867229304566	63.8500483376713	30.4861302367013	4.91589562847404	1	0	1	27	10.195123162146
28	308	66.0328911023564	13.9034993683081	6.97832282092291	8.6992469708355	6.5066659013806	10.9080942784004	2.23535464063486	0.471331671784702	0.0307746238414879	2.97650102081171	70.8432837209637	1.7309980510793	3.08074123049026	2.92450348087301	3.60869998339439	35.7606503694281	16.7697284426395	3.4782650607417	6.73257561741316	5.81591965483767	6.37049311867388	8.16639255877535	1.78982609857954	0.182410275024166	2.08657110141746	141.160188016026	2.26099690766299	8.38679590392438	6.55054615340009	7.28059980840919	1	0	1	28	2.18131323920506
29	407	73.7570099445551	26.7125026317167	8.56844688893393	9.12946188630067	8.90965534431348	12.5479778095846	2.80526833427843	0.533613389759522	0.0280522681775879	3.02892271667854	90.5996220480441	1.60097279668333	1.67142576410623	2.11008453491084	3.05158617463364	49.4273796013553	37.8641717474546	4.39856846087773	7.74016290153033	9.42397623261119	7.7742811535986	8.62090366289499	1.61155191391659	0.17775336883354	2.63116899755231	225.730873078936	2.30155671772672	3.5521994872054	3.21077816728085	7.5616518878996	1	0	1	29	2.59480879434677
3	335	31.4535787632002	31.5113030465077	14.588875107621	2.4337565718046	3.76263275182506	15.3583230631853	10.9899101056203	3.91657630397085	0.0187793689861329	0.0484114877474633	16.0730118749072	0.288846348461063	1.59306065521587	0.494927245075174	0.591595996977114	16.5195662253206	24.6005070345889	5.6134012566284	2.34908093914049	2.89451448584073	6.82689206762889	16.7028747101677	4.83771783192204	0.0679394497189073	0.0570731573471227	35.2862418952933	0.315383791608817	1.48043421571438	0.414258125713233	0.940586965304699	1	0	1	3	2
30	173	78.0941725423031	31.8286022793558	12.0218063016756	8.17752658388668	9.1204783875199	14.8231111405712	1.94777226350422	0.502193707005054	0.053137068262793	1.88078394804513	94.639422687117	1.23219990019552	3.7811576987499	3.5887776577034	2.53339750312487	40.9585373955279	39.4594229629048	6.47065955468177	6.66613418428503	8.53127121498282	7.4036276779837	5.79920665227394	1.36233244103708	0.281026191997284	1.20509491846718	197.346979372666	1.85351380260274	6.04644681447571	4.55701393614166	7.68863068066947	1	0	1	30	2
31	333	76.2168266563517	22.8777881876298	12.2784643941359	6.408307858315	9.53623529280925	15.7811200240988	2.13540350192503	1.00670751766043	0.0616980345421003	1.67830466002392	39.8569105400487	1.77308872125562	2.40168375553941	2.07619324522151	3.49349434496883	52.6410636214932	25.9496703255949	7.86835511524096	7.34510501477943	9.97141973390272	10.1917065050037	5.78662127676886	3.54588168484539	0.476132351730593	1.59254165925539	94.8141915289751	2.69713109863958	4.43768652088302	2.88000670319205	8.83246208636545	1	0	1	31	2
32	634	36.2815230308411	27.5353512770506	4.51163791158519	5.08357656391723	4.50005909081844	6.31909707663344	0.85948258055882	0.359028083722643	0.0863715551177819	2.92434470630565	23.4948453744784	7.76446028526618	0.681663987407347	0.484589764270333	19.7109617241272	54.6519497239509	32.6032610268672	7.76218104733653	5.73470929672074	11.2625122279149	9.7316199896994	3.69664255140901	1.48144685015909	0.829849347317752	2.46507867695469	28.5539883517413	5.05166330311073	1.87917671456756	1.28527284611944	13.3298830863331	1	0	1	32	3.04289966436998
33	433	101.902287702923	36.7038193935674	12.4213290932437	6.97012186005487	16.8370911954038	15.4542079310292	1.75602898235624	0.756977373815499	0.132559957320627	2.72857366452009	26.5340802148258	2.15241045855311	3.60964032571367	1.80468179512026	4.17473906228715	71.2227615935327	47.4486743433403	10.0882739882665	7.34612601949259	19.2745555719148	9.82015203515967	4.74266095183054	1.6442546609945	0.884964622938653	3.22969937127803	42.1746758738332	3.33926508648976	5.22267149654453	2.03160765041801	9.35849825836208	1	0	1	33	2.43508916647583
34	487	85.5082356775639	21.478568993838	12.7875272255592	3.50113348883936	12.8143480711761	18.4637674432234	4.79676086371661	3.18458225253742	0.293724401469867	2.10592432328438	25.2364105228605	2.52591327146597	2.44000048136653	2.09428070259121	5.43801812052317	85.9655286054262	23.9995278439288	9.84275801320821	3.56055548670988	14.6930793626923	12.3441030991182	7.97675004741457	6.89420634959229	1.10792739526643	1.87520576027918	55.634282158753	3.85248701641835	5.56355753294895	5.13686795752054	10.1176538730742	1	0	1	34	3.12029512394714
35	474	64.6054751159447	12.5808787884985	11.7351253715455	4.58046589336031	9.21839321095434	17.504223321812	6.34497858635007	6.67090484527502	1.71232748932965	1.49454935655361	16.7817598599619	2.43734659958038	2.56908655308634	1.339731460371	5.0344989568827	87.5137395374469	16.416114842097	11.5130170349759	8.99991356388376	12.9019823338322	13.0751466778213	9.97640896281735	16.0294425579553	4.49344458779189	1.47732404829027	32.5634179012579	3.32057353286448	6.92543646060398	3.15155488833944	8.25515824158424	1	0	1	35	5.31137047599223
36	417	72.0122705723266	11.0559130988596	10.0202754563858	4.30500252778044	12.1954332977438	18.0847681401981	7.2381032769748	4.90964278798353	4.67087289725978	1.54830267388672	28.0934731786743	1.88332906310032	2.74034044793535	1.97258654180969	2.7771585996964	75.8974807536842	13.0709345083981	7.11281286874073	6.17940343740158	17.5471697644426	9.93561688414338	13.9444705067903	11.6526937229973	11.9661818893182	1.48217990856883	55.1048656208486	4.01903221745548	5.23162013708922	3.65317932353186	7.54387029898376	1	0	1	36	8.67682266945118
37	88	53.9819414260113	10.4819995262826	12.0149329319592	2.10498592327311	11.1078088795094	20.3896624316337	9.24053515599564	4.92653591248918	4.46187929196354	0.84436022957304	23.7176166271201	1.3388714940637	4.47082988034029	1.21761079937823	2.00739169277144	63.846071888483	14.2223850372885	8.54139095270964	3.09982386494459	18.1924987568438	9.00039524782018	14.5837270144075	8.45617240201691	9.85990474856422	1.15684205917295	53.2133541781994	4.01450465413565	14.3676243483675	2.46534960676021	7.31260766828764	1	0	1	37	2
38	709	106.481698935963	14.0751990889193	10.3966234584744	2.83564422523738	21.7629294604501	18.2017422373384	5.50841244967733	2.52653758397434	6.36117518974073	1.70514690185949	13.0765099263539	1.8272916725375	2.11929365861574	0.56346736037011	2.79007294556405	105.110958790656	19.2263727049935	5.68310995331451	3.84890218196431	24.569313311171	8.67333156761561	10.4205567228863	6.17831523733986	17.2170057402675	2.58204168467718	36.8249034893072	4.36464431933288	7.18778024970646	1.44494166529031	8.91370195850064	1	0	1	38	20.371351776741
39	152	138.90327433259	16.8424823056992	11.8529877952547	4.53830474264811	20.1242743709965	18.1191764243079	3.91118560409252	3.11815154523032	5.28503548466499	2.33260749813926	6.58373680337976	1.19945709193986	1.14176836451669	0.440730918801228	1.85613670944986	88.4345854331062	13.8557726267427	6.0161192432376	7.86946412937502	11.3300794593948	8.8320085711895	7.69257146727081	11.3405406648146	20.2820491292469	3.6317242586183	26.8486956904891	3.08778497143669	3.99198662094088	0.544123106923351	8.1550258069882	1	0	1	39	5.07378557737836
4	269	30.6971966822576	19.4620883419366	16.5525904607983	1.88265144927488	2.62046367387326	18.8778831443731	14.4486691335801	6.6376609519907	0.00223810670391954	0.0325366030941171	7.83950966942981	0.298081117836662	1.07154854716008	0.30733074045431	0.505932419755913	16.6217274424218	12.9889725773204	7.18088947312936	2.32631521197096	2.01218746850849	9.40075237024155	20.9859663606542	9.74918762523803	0.00668917917476481	0.050790952923767	12.8033035767953	0.383598969530664	1.09540636629212	0.271656573194015	1.1592596988924	1	0	1	4	2
40	336	123.105934099899	26.8088613810944	14.2167985983488	5.2038340866168	19.6997481141433	20.7349318284889	5.02646807432915	5.00190555581766	4.53203308711225	1.87723944437349	12.7787313391456	0.841883061827147	2.76341675663175	0.912166351867914	1.36938149987647	82.5535669109327	62.1889980178914	8.40271694696271	9.25318555178835	27.1118934381297	8.90500329004997	9.6726382669267	16.9907680574086	16.4494254203432	3.56127709326765	49.0233672802285	2.4815052303116	8.59036530988767	1.39972414495577	7.19735674654906	1	0	1	40	9.55051863014472
41	445	122.488930910921	37.6575906982291	17.5628474942375	5.21804459892315	20.4057193637923	22.9692931553664	6.97310296184781	8.79293471204598	4.94466685516456	1.96167257455485	33.0903379609289	1.18054308879452	3.93063730112459	1.49114466146348	2.43743137819658	114.269204877192	73.5558099909051	11.4764593832081	7.30055892013095	32.1673111784894	9.97633583660904	13.2814599665205	26.6758974188123	16.8589562798328	3.42714463795732	89.6065269121305	2.85374264082227	10.0956568756341	2.20538765368592	8.35532027622449	1	0	1	41	13.5740108695615
42	176	108.757660932633	30.5473691737856	21.2007212308913	3.09718343247843	18.7207847261992	24.7708757503547	9.28347803793447	9.64344082963722	6.43314178206715	1.10670773244829	28.1559440131276	0.708424048213267	2.21821659283438	1.24343210746747	1.12868623563873	99.9159811856522	45.2284901867242	12.3965607684395	3.92035092618167	33.4270511139351	9.41123081868947	16.9316770163954	21.2432481813824	23.1247403416818	2.00629726445357	77.8900176103918	1.59226566636662	5.05959218244658	1.55943465027043	4.72588889997918	1	0	1	42	6.84200750159634
43	124	89.4921866785839	20.614528451131	21.5189218585845	2.81812634803921	14.4469303182162	26.1302346385267	12.3720531778787	9.47469808869073	2.58418046961697	1.30018822452821	35.3354496097128	1.0080831436181	2.93266547229714	1.30439395977364	2.7181796135453	76.1810766501856	32.2106778498858	12.664885039345	3.64316316332504	28.5692839211438	10.2131816306472	19.2917865632125	19.6129907890074	9.5141266470931	2.82093562735046	86.1542759788426	2.80216986037698	8.76898105427097	2.1800933261868	8.32708925047882	1	0	1	43	2.37844308091984
44	903	95.9428265925695	19.5940315531463	23.6306180578712	2.49271269565175	9.61955958359513	26.6311136963185	7.94605323525769	2.77013123984226	0.241182322105101	1.09197940117039	15.0799564126497	0.97462582303653	2.44976546936434	1.24431588577942	1.31059236199353	75.0561263262094	30.25463057829	11.4426346988816	2.59621537390381	16.2354875708878	10.6866134028212	12.5813879423335	8.60817360361366	1.59087463726567	2.08149411136365	31.6969445907526	3.31347018428919	5.83988953282058	1.75263154490131	5.73538445008852	1	0	1	44	6.67491928305332
45	694	119.035273938574	14.308942317715	21.9516158186627	5.15832852925764	5.83808850573771	24.6663692041208	4.14512388093477	0.941992175074456	0.366162096273067	2.34739435259659	47.2973454892715	1.50955704638585	2.59231337167733	2.10244216350794	2.20367476985336	80.9432589094734	17.5739291992387	13.5708867606493	4.18664796995845	7.30668224534937	12.2959534472437	7.54403229709429	2.24341953792608	1.77193196882707	2.27222965984654	37.4700609261788	3.33648755291922	3.88425913987311	1.76778802015578	6.72442793356109	1	0	1	45	3.65669790896437
46	409	129.444807359073	11.1545866299738	24.5218107697607	5.71945983164533	4.13344233644151	24.6564096014163	3.30038753969808	0.311232553060975	0.00147543705823184	3.52197496112914	133.447939680538	1.56168285043932	4.08057771600711	5.89959183631172	2.34134825885167	120.493069079182	8.97290849127047	22.0467104313031	5.18889481418781	4.78610933420656	13.746591968144	6.37412695433721	1.31697112439791	0.0153135789745107	3.76165451631385	163.667427454725	2.97308618581538	5.94323196790628	9.07128165350073	6.76883601566261	1	0	1	46	2.48218248313581
47	1288	89.6887038949908	11.0159844141529	9.32094920323536	6.03911231414347	4.3286392299033	17.2111716689789	1.34697329465374	0.305541404052658	0.0641666836567612	4.04771456406597	76.7879719893418	2.00416950405559	1.97610858016219	5.20659245497766	2.98698264738863	72.8251226004713	12.0465214735202	7.06117121997529	5.69963098164341	4.37689938130338	13.4612135913329	4.60363666734832	1.64604511755464	0.407498011749912	3.83006543794514	78.6026680700298	2.29233273168752	2.65136757542027	7.8082376914611	5.68245193475278	1	0	1	47	4.71161306379006
48	629	79.5341893504689	6.91353407661432	6.53335657514952	5.50194853354615	4.60577514205975	11.4537435770665	0.45405046589855	0.0668643019842436	0.0221233476463314	3.76066909213596	49.7365834119419	2.4207981920428	2.24923960223307	3.92707840756503	3.622595061945	54.2361605730849	6.31204559231579	5.49720719037221	4.60084388796955	4.46724987902749	7.20236018407233	1.92609413860322	0.440911060856789	0.156857005460634	3.0492762242669	47.6999693654296	2.01585953103439	3.13184313382377	4.31510145283184	5.20306017289719	1	0	1	48	2
49	372	56.4358801055296	3.66157247406101	4.05934627213846	3.9327928305883	2.57956849657173	9.76149674865116	0.227313015343778	0.0055763856451694	0.000705073118525069	4.51841994570941	56.9771381344975	2.88991901357446	3.15186775185969	4.78934552497355	6.02328907375019	33.5307110723147	1.62551875097082	3.45877522390355	3.07369677019159	3.39046632535082	6.28068808086698	1.0941980538357	0.0570034381546249	0.00743670268873501	5.35003375672076	62.8844351195914	2.97254589011125	6.63075384822599	8.28165443656659	7.67088429044772	1	0	1	49	2
5	280	27.6639471776784	29.8785521758832	16.7401228605778	3.37953922344833	3.24013810343272	14.7525143509272	6.55647535849601	3.44486896266225	0.0188462354674505	0.0826370923351056	49.7023736868548	0.868707547367662	2.15526257573507	0.82228875331677	2.19613641625314	14.9094601550933	18.537253081821	9.99831723065368	3.77689555363662	3.45428658522173	8.34874179261512	14.399736970784	6.87449557329898	0.164270008906762	0.117182486388682	71.0927022428651	0.843640367752948	2.66062397942674	0.933512290933221	3.11017128918349	1	0	1	5	2
50	493	44.9184328399373	3.14698191101937	2.28519300015956	2.49162229974685	1.56026724459643	7.42049788666417	0.125970672398355	0.00193590606331045	0.0000603206268092957	4.26505468360105	56.0584886710587	5.35633261475522	0.638126718009021	1.88733625793905	9.92068729814938	24.2991860928491	1.54511818582963	2.22878234305017	2.03272245342071	2.23112103591131	5.08994227879819	0.836858219642082	0.0230165663508612	0.000577370442099871	3.65338452157702	69.9116537273316	6.18469418747937	1.30102507450774	2.92088707971234	11.3905514702023	1	0	1	50	2.27365012882132
51	590	65.1527374062734	7.7151908153306	1.86907731491828	3.53958723000016	5.4654832375829	6.41813051670413	0.246304418692504	0.00272294720251585	0.00156316392542126	5.12911129890654	20.6852779437908	3.18886944578758	0.0896318561255287	0.590053967635624	4.23281806803695	36.676997394228	6.68083419493452	1.75718823075981	3.86105955999687	6.33783266829252	4.80757960291655	1.30864421943181	0.0234983815843745	0.0184838621110559	4.41018416911609	28.5014801976331	4.36840183557536	0.212731418032327	0.938134228038737	6.81229050550536	1	0	1	51	2
52	754	81.1353348386552	10.2053922372437	1.44650472934137	8.34987408429207	10.1023822143358	4.44394411103993	0.148218696087725	0.00180775430152497	0.0527453575365179	12.0303832657719	13.2359257055916	3.11180071949598	0.0566048463331499	0.389582263409626	4.68373904686373	35.9433008667861	8.06375096823042	1.33564223632121	8.87124483770414	7.65431287915241	4.17308078869212	1.38880336667327	0.0154343369444395	0.262754063434482	11.6270504766763	26.6549079216136	4.88457657519279	0.172307182044957	0.530856650348981	7.5331360058704	1	0	1	52	2.72601144094394
53	427	57.2987311539461	4.31900706878842	1.41559820902417	5.02818800679082	3.51637063429048	5.62188381915694	0.0733619366230058	0.0011709702179206	0.00676742232739878	9.45246439795933	22.0066072357859	3.6672391302061	0.203943122071034	0.996923032865311	7.29004171845781	35.7665004762852	1.91512859636632	1.22192249038488	4.21666764167483	3.80080369046936	5.10996893424403	0.384187747324338	0.00663344385510536	0.0533888258323718	7.49572326868081	26.5334979766905	3.8032822280086	0.387853347830827	1.25642224664709	7.71812171581584	1	0	1	53	2
54	1193	39.0550662786981	4.63088918461499	2.30621566405191	3.74446716931801	2.70652707784895	6.28902941799583	0.0327927150946031	0.00231476920970247	0.0069468000814546	6.19612686739874	49.7211657862049	2.31938593406092	0.403671829270452	2.41715730630871	4.97488668023561	21.9403861104802	2.45277088230164	2.15586176201879	3.5403390926412	3.42347909938416	4.44646088424222	0.155141904652728	0.0237034148727792	0.0430129227632598	8.08337757508269	85.6622246349693	2.45952851503654	0.800189829642507	3.56390051988965	6.21310436214784	1	0	1	54	3.23088148210437
55	947	36.0439849923798	3.99181822535462	4.07351944380564	1.72335587282279	1.84433804485598	11.9862759830653	0.556903332274002	0.0479575534622114	0.0313614980951449	1.88916510359627	20.6383517204248	1.41617900780849	0.280367644244848	3.17841811689065	1.70530525539166	21.1963564387145	2.35690134892626	2.75977388770274	1.3304737387484	2.11212334570879	6.88341931142729	1.69142329557401	0.310898637852972	0.216016573166011	2.33105884654375	35.9097145253233	2.2396543781731	0.476936051388729	5.27998163421588	3.95364354737151	1	0	1	55	2
56	759	50.4036879833606	7.26304412216794	3.45923834084632	2.54867394380046	1.35533029990617	10.0573768063094	2.0054091316069	0.17296367181245	0.0014009931573702	5.1707246693192	22.3847472947034	2.7109081593525	0.0507773170249019	0.528169784933057	4.41563663827657	26.2195190328047	6.75480814740609	2.70636067575555	2.14932730995821	1.31646886794849	7.93316345246343	8.00786649771007	1.0126416372455	0.00888695617682883	8.36101170858796	33.5704757572457	3.16331087802316	0.0816665156535722	0.53111662419313	6.50945035225368	1	0	1	56	2.62865120025242
57	426	33.2883375956131	11.3412960795764	6.4929766492705	6.17999324203198	0.28727128368597	15.3087979622657	12.1543754555141	1.9182539590416	0.00265545336115588	3.19861055757482	83.7323331038376	2.48477324887825	0.136238501314125	0.468892462056455	8.10596387141753	26.9700769211725	14.2845905763286	4.56492948391436	5.64365474457002	0.588793109440006	11.9394040797669	18.8981930073831	3.94825335735931	0.0157730418787062	3.85085610317954	141.359612288443	5.02585742324974	0.176778752689446	0.626877320247758	12.6680745520969	1	0	1	57	3.17545336516179
58	1358	36.4252222267402	9.53866008327368	5.65835996225626	5.20137082619299	1.24663583979058	11.3112294477931	3.68476983839303	0.3200322152038	0.0061692669617898	3.59914107788856	63.8280586635693	0.997891550806607	0.0970159480692736	1.30702620096979	4.47305214662297	33.393386001319	9.81814770634977	3.84312327191004	4.46621959456534	3.26722892446539	10.1872766978844	9.04638135109964	0.977322472549329	0.0559305722351048	5.00283706651371	98.6478645567859	1.72035270909366	0.197419785973515	2.12159279574494	6.36404135698497	1	0	1	58	5.04076173133497
6	313	49.0867220019955	103.238661419039	20.8872268132463	3.66880651097995	16.7179710102788	15.7988103825291	4.38425283651171	5.49658933427857	0.285691347346552	0.0605511129335024	19.2936112226656	0.24616135768964	3.76191885953517	1.00510929362248	0.195595498935291	17.9852097836004	88.8242766915038	11.1498057337147	3.30924722647377	11.6362897749086	5.06298966782365	6.02362266801676	8.9684432363707	1.42409824659191	0.0790991468002435	39.4398618444355	0.235844270755915	7.50704226918754	1.72985700916278	0.799451870707745	1	0	1	6	2.68176930216539
7	85	55.2794372996503	85.9051870803583	17.7399745575368	7.14142450250406	16.7926458733538	13.6557031520488	2.76845148017037	5.41955541981618	0.623178224914472	0.17660465464272	28.2217410930539	0.701869212621078	6.53004544373492	2.07611689005131	2.13574923231576	21.7547641162617	63.6875149407514	11.3530780861504	4.68407790756317	13.6637832265379	5.82373362153377	5.6370228808665	12.8765299633285	3.29631428996758	0.193051315987082	45.9009780495719	0.934956857842454	13.7772742236584	4.10490598769391	4.21469246062487	1	0	1	7	2
8	124	55.0063425154406	68.4186437174481	18.6576004056643	7.33850827741361	14.2076291472265	14.6335917260251	2.75110020398167	6.62552101074098	0.453922420654199	0.210982443878147	26.952506032801	0.675541994879127	13.5764881830127	4.93759649946667	1.76306365427899	16.8066629847319	40.4369684358553	12.1212362942466	5.08754034408632	9.58195594225591	6.00975138394273	4.8041920365041	19.4323991167844	2.60332616856082	0.209584955764599	46.3032673591729	1.01768925501155	33.7493473313174	11.1973891273155	4.1868754393864	1	0	1	8	2.98772070593051
9	198	33.9449266365655	61.3437990245183	35.4829968475572	1.89954356323094	15.404676909055	25.9331013507412	19.2018977068022	41.1732131193526	6.19703339016455	0.0482654391536812	4.11011118510058	0.135523554346977	3.92797790105737	1.1179829437301	0.313085245741641	21.5767765419409	49.8546228359082	15.5138130178292	2.44717800186954	17.8716798280341	9.68311044790241	20.943384425599	59.1936655836446	15.1507328381813	0.112497453027846	11.212391999709	0.478156695291556	9.18602908157131	2.83822142380624	1.789101984555	1	0	1	9	6.76989971929583
