STRATO	N	M1	M2	M3	M4	M5	M6	M7	M8	M9	M10	M11	M12	M13	M14	M15	S1	S2	S3	S4	S5	S6	S7	S8	S9	S10	S11	S12	S13	S14	S15	COST	CENS	DOM1	X1	SOLUZ
1	583	319.057088361516	1449.91906725121	1876.3154012767	3.80288631089444	3.47410605851235	1678.39741790257	290.866419480085	307.256928664225	0.450171222975283	600.387853173624	3.95357504581014	0.305732777273842	674.004241885585	56.8107932912444	4.52074367400928	220.755185720057	1662.39651572142	883.962446449159	4.6955227867589	2.82115488953846	688.459059139186	290.996572876396	178.45724411592	0.444621024909493	1871.58855363924	8.7404341052006	0.155044886724804	587.000464097271	69.2950476504247	7.26880502457485	1	0	1	1	2
10	28919	5381.09648113936	359.112176606351	405.709654115829	285.530533982977	448.176653337581	787.423185491982	56.3693014183827	1.14090579096739	283.085980089817	2969.96556443091	126.802279880954	9.6118821556777	75.1959972508564	264.286617250628	142.404500462221	6437.89341877434	835.310127687777	772.754712175147	321.013895500416	463.468649729476	1296.49204517306	99.605008218796	11.8163250819742	390.991293869759	10079.8111321631	195.83496122562	23.1872490337283	287.908147193749	1215.87722102661	294.346875361801	1	0	1	10	73.4078471751928
11	21010	4705.38346037834	912.67370350798	206.088779947	525.647447679949	426.912320846185	364.909161217475	64.7769152599386	25.9477740213063	468.602973894238	3909.7613362118	276.986668536716	4.59148975270891	17.7234600296398	36.9793433774767	417.546924078935	4992.83382032953	2477.27562578102	287.975507237649	664.128764051624	603.324719573441	340.623989972796	296.548664869267	145.096130578276	725.789999499161	20922.1596889875	341.733957475889	9.7710789633285	99.2515038340692	168.174978449512	616.027952702789	1	0	1	11	78.6118902035088
12	12485	2497.43099368309	365.023253028856	131.268342008968	262.839386046729	163.62633637885	358.444918363564	14.426692482853	7.08312725290673	558.346015627372	2124.81333677618	168.994952167105	41.1416487963955	8.44091386406528	60.4257013553405	474.931135434336	1902.97537340931	547.426894156488	189.269400239162	262.937068462505	217.04792591338	353.787001835502	71.7919564222335	44.4878395100082	694.002323559471	9905.85626177374	301.808859762745	151.277661438918	18.3628640629279	191.83845735794	567.409785046984	1	0	1	12	24.5618238007009
13	2079	3037.23823526702	406.544663390452	66.6803326395555	309.267056067237	78.3761525411116	394.730296990403	29.5131778818786	8.73192089728176	693.213083717233	17557.2291154674	305.416211436292	83.1291230742265	7.43456515379562	110.980188183771	728.624353797672	2763.91930144976	658.260232932905	124.750220365551	331.022357367965	167.673189795871	376.503864796306	95.586637525503	35.6911706985904	1170.35783952473	93238.5179071534	413.618695881705	146.995281768983	21.5352674073239	232.68107702947	717.168515821144	1	0	1	13	12.5591606878299
14	16753	2764.25623493552	329.497515630972	134.189869727571	111.669395708416	86.9788739214885	830.750856692903	18.9619345268641	0.447190035442512	148.805717403214	1815.61299896418	61.3427275394859	155.21739071058	3.99327300832612	96.4537562313641	122.528897542418	2524.21971803931	359.806876911985	157.500801516532	115.317812155011	161.574393216988	792.726930405681	33.2394655572516	1.88388465346685	283.929556757268	10391.6315675301	130.887029708949	283.573040660105	5.65092326672802	183.312842399523	279.06987443044	1	0	1	14	20.8301143285307
15	9900	3630.49682021311	590.589321844347	265.132435035163	434.368747522218	89.3259242032752	666.939025176606	161.737007075063	3.10780850165403	419.600850354454	4140.79772212218	258.133343112608	179.790214609649	1.01013635454964	27.955193441521	532.136432199006	3799.90674398656	744.666248717087	212.181915395507	490.291292370051	155.574532525831	728.742243116279	284.627965116768	27.5690599179519	728.144711896797	9492.22810385129	624.296472118596	384.730548671654	2.31264761063727	36.9408057460489	745.817164763494	1	0	1	15	31.5591505989568
16	10483	3212.23146209062	1087.04030383539	323.0495085215	366.216275906624	112.695844867421	825.594922097481	85.2854079838928	0.466218444376272	223.529925541659	2385.82577914173	73.701239108353	1126.49430157085	0.755092684764919	25.8427342465092	241.226911811002	4567.89359711071	1458.79962960968	280.589803092163	297.598039336769	350.011414981289	1013.12133943375	163.925257589561	6.86538074742962	348.271413663226	7923.94729595813	245.529996550393	2356.73233013617	2.50448046609532	51.2258106682443	431.617032091976	1	0	1	16	45.278857921236
17	8877	660.833780302529	547.654779321586	17.3618784851313	175.233376565773	14.4376284659387	48.1309186346506	41.0411992034482	12.7785629551008	717.311048833956	1102.46318742698	829.698565348072	212.088039223385	0.191514608657002	1.20125927716143	1440.6043565068	706.657865481722	918.215410007043	63.2436291861992	165.716825786823	31.0826997235615	89.3878232791812	128.886182517388	69.5758444094011	653.142565701844	4190.88010936834	1097.86151181296	1028.34772199977	0.899944439817154	5.34147192097025	968.327796450251	1	0	1	17	34.2039565618164
18	8712	63.3308797487807	444.301246505812	8.46971396071157	31.0184853220069	7.84771524132239	12.3383695778957	26.8978152345923	3.39911600478412	828.917996181602	15.0327810897465	341.283997916822	126.469841995567	0.0286284994452164	0.456131960633371	1765.88389032775	159.090878949254	690.233924749967	70.5812072898154	81.2384291831292	17.5736618566084	83.829139046284	89.9177813555856	18.9840581112474	591.227973622046	75.5411558340649	650.30989125004	660.662984882358	0.304803220355225	4.03893604104314	1153.73947122845	1	0	1	18	23.6139147355622
2	1771	1231.92204166255	1080.29922626308	1080.565119727	38.5785710859478	30.2426430265725	733.226551526765	1391.81784931995	587.562036716272	1.88083213735878	151.105947679778	1.51743428633716	0.244579813461364	234.214895973387	57.1533139691268	0.672262045665791	911.075822277048	1626.92026927844	585.574023163448	45.9510799913236	35.8344534430231	275.757908693947	388.494654434776	236.555038993814	2.01816231166735	369.75632728708	2.75216154414378	0.126663681775944	330.456943701154	91.9350022660645	2.54239038595654	1	0	1	2	2
3	13167	2743.17006324371	2522.82199418602	1294.47181526581	151.2856209482	438.665145321484	1272.46030341779	803.810240782191	575.955532763367	1.75350638670552	570.357093651823	9.94569290151812	0.168665924227715	293.105754860571	112.231558830737	17.8061151764388	2210.76607477961	4719.69951195493	1094.92601883046	185.958905840706	614.760615903333	863.512275112604	415.057100356604	659.931278763209	2.60137650312601	2239.45191829007	24.0568750255698	0.0948541609414164	1072.52063387685	309.778016406321	85.0352015833438	1	0	1	3	38.1965545307689
4	4466	2084.64399420555	2739.10860813914	2115.9746421691	114.218618781881	1436.74331068057	1613.75736089467	1401.45298790436	1718.47866234767	1.66123630365143	305.512551130542	6.24567189234665	0.143656310875846	172.045234654524	68.4246888079139	20.3285563431296	1894.65604436381	7141.61429151916	2641.07074544641	220.079920139311	1629.53812603522	917.067459108526	878.242847464652	1557.50667566543	3.08760626324049	2202.72986899612	31.5492824468268	0.0773211242734455	1228.57641295629	251.016266138552	103.727789781428	1	0	1	4	19.203139616656
5	16445	5322.13807648713	1524.78618463962	1385.81021184189	245.169969259672	2347.60479625559	1487.93029418721	897.607158205354	613.718067552535	11.9325914060999	429.172534027516	8.5165362536625	0.318859048622833	395.702064340006	56.0570295811686	20.5802166462984	5729.43173258848	3379.1719925303	2136.4477984508	453.014283392857	2726.11429937543	816.762611783431	994.051409313623	869.726226793813	22.3846105770887	2112.80524782153	23.3296071398885	0.25454455145719	1579.64466847458	186.837280715517	122.739882090312	1	0	1	5	48.5609699007672
6	27819	5049.7174502431	778.073313841189	909.279277700673	323.087304072768	902.312476350597	1100.92281678171	553.881288121053	156.539544417121	49.1869215019078	991.299231739692	32.2259779503043	3.61008293367823	697.367155890695	94.5091111298842	47.2875480650478	6418.19421989337	2196.15969373017	1662.5872713711	512.672825313	1178.59390839995	738.546800596601	724.078181859862	353.426010726148	76.8458913538747	4208.7560212563	57.0118487477387	17.2033561401311	2719.9532391049	463.561941175959	189.706312063292	1	0	1	6	77.0741670439906
7	1452	4402.72903791066	1029.1280661237	1040.14339780352	645.188225878504	616.555465248964	1074.90644980053	407.013665316059	44.5932767095512	142.325784902663	1267.0390512732	14.2993174277438	0.908647842310403	2900.48697501545	1450.10505465677	19.5706492273136	3122.72675895091	3660.5058578651	1528.27999685122	860.058680898425	687.469126994969	534.604769023021	444.574503623741	97.6221715763988	226.024208905411	3967.33705038753	41.9610232545169	0.593165583063003	15402.9110974834	5830.49145508032	102.204754309598	1	0	1	7	12.5856462651833
8	9988	5494.01303883099	1197.47832278688	1303.90272032217	517.488819386421	749.311023878914	1246.10205685165	291.24683914391	186.508948479817	158.287329486795	4331.71187995548	44.6434483399028	1.574625239707	277.058028078239	212.571827256295	74.4836908902987	7564.03983972878	4220.14975021671	2175.00155405102	684.22486334589	821.354401495645	986.579041690783	342.938359539372	338.453510075919	245.713679497404	18446.9771463417	78.933149159207	1.46943809121747	2230.5890155611	1334.9328993685	242.918283026367	1	0	1	8	43.9961228646091
9	56243	7200.70616221741	1605.85219960842	1171.33490380051	229.80247235497	980.577532576633	1908.12244466552	637.66045144927	255.6744122298	93.2374059922637	2394.28529156112	28.795589489369	2.56843563704874	146.420303175568	100.253021645758	31.8157200375198	10539.8996434252	4940.86624204488	1917.22397719218	386.441069897001	1852.42571718982	1902.79997318435	914.807330578714	576.475925204545	169.627607362956	12021.0594328815	79.540762848781	6.22453258319782	1356.54368237407	678.941245411841	170.35229919047	1	0	1	9	215.428128264552
