STRATO	N	M1	S1	COST	CENS	DOM1	X1	SOLUZ
1	9548	334.653910922305	525.629953882608	1	0	1	1	2.19488178160829
2	12232	1624.07483291758	1903.23398720166	1	0	1	2	10.1814181461762
3	47201	3884.48240275165	4460.44067638256	1	0	1	3	92.0762417412388
4	71489	8324.79597703203	10322.8302684349	1	0	1	4	322.742847088982
5	10868	6752.82048855242	6754.22632939518	1	0	1	5	32.1028697194482
6	14091	4681.10662598077	4461.75706883169	1	0	1	6	27.4957995094538
7	43747	2889.12562489876	2364.18681344682	1	0	1	7	45.2323012871021
8	22814	3521.06487005426	4072.16685292766	1	0	1	8	40.629887406125
9	19162	456.797330479267	753.366496113488	1	0	1	9	6.31343560566645
