STRATO	N	M1	M2	M3	M4	M5	M6	M7	M8	M9	M10	M11	M12	M13	M14	M15	S1	S2	S3	S4	S5	S6	S7	S8	S9	S10	S11	S12	S13	S14	S15	COST	CENS	DOM1	X1	SOLUZ
1	2453	1257.76082278874	1381.40551044052	1237.35222932317	28.1856794207656	23.1033957230805	952.215379619988	1152.43664626837	521.691443120759	1.49944282071604	224.452368346113	2.04968215250232	0.254917037409593	318.75375156977	52.3162560430805	1.40183619970364	1365.50933219431	2535.76001143291	744.43348960483	37.83039967631	32.5522286737086	574.825526699287	588.748714517293	250.03911226275	1.77896553434858	966.899960186935	4.9518596537063	0.135562930200136	439.459796473947	75.9712046558754	4.18270556380892	1	0	1	1	4.01798927776723
10	16984	4022.2851763394	779.631824546812	176.750753333652	472.252059465229	358.06586388358	380.254727498584	43.9053349042169	20.8357062686965	468.038270262016	2828.01653173212	272.490949884358	4.72748077675589	12.4321360294259	31.9985772956271	468.2437176788	3814.39721301363	2000.04776090871	199.357922887332	617.225220313099	532.395434585454	385.198695586009	179.536435018007	87.9112788798196	691.492185985037	16437.1395225687	357.281414762633	8.2737286216245	57.5040999634521	95.6494529757123	648.875375613566	1	0	1	10	53.6275868018949
11	7843	2268.68768509111	294.928225292388	137.178231840474	244.154898149371	140.872181012422	342.215934627519	4.12198897990542	1.08863574816871	587.294452812058	1766.32350222119	109.768311156663	40.0111621227333	8.3236203006216	51.8686278700382	359.372773995606	1543.18817389488	315.745432827134	202.358191186845	267.92198026175	164.768195900038	323.149954964043	12.4167808400166	7.6114575550269	700.32157414063	7066.01093337907	241.944757597687	148.27561803052	15.9561493256923	155.890594925927	465.803344892416	1	0	1	11	15.1665125934091
12	2002	2220.68020992251	510.038725322393	66.4361617680038	313.388229746579	106.106913232512	271.411067123711	31.3949442631644	18.477540667507	559.305721270193	3618.46169607916	353.830642347093	71.8861667363545	4.18514868646098	70.9812732327213	835.208295278335	1882.38196602167	853.031926973795	127.298134520027	244.832791138572	155.943731472864	265.714020195836	84.9287718233523	62.3984980950154	614.364697141612	11529.7716999577	374.586506796308	214.777542714535	11.6856911994555	308.031362604392	733.123447779818	1	0	1	12	4.36789801393587
13	7271	845.373869922947	603.710673488924	16.8422811654144	219.694208964484	26.8666606761119	78.2299277807227	56.7241052155413	20.0625357412578	601.855247868165	2424.48406511257	816.004359643508	33.575737939279	1.28018626075916	2.53597676792246	1559.90800265121	971.297086854041	1076.34723585705	62.4217577279261	207.316386429249	61.8280240768631	94.174881468708	150.361590993301	84.3887062309851	602.200689328823	7729.08956178896	725.626505403988	147.40641179687	8.19413913914109	10.4735238419971	857.779565285438	1	0	1	13	22.8167166924623
14	2365	3432.07782441871	303.223283424892	69.7507811902089	250.932372194437	75.9261324265796	486.343566045577	6.5494263244935	1.03054651776334	607.997860330098	19317.7671960165	171.797598793685	105.351219036341	7.89828774071406	168.950988238885	511.317047187832	2728.02782422279	381.848650954827	129.070058510265	328.714574349382	176.468913074892	402.313768893512	17.6754335062108	3.90950107244088	1148.33033775329	92202.1495460348	297.838234964121	136.93420430735	19.5256928189504	282.131775400242	630.247385590478	1	0	1	14	11.9920579519665
15	16874	2771.1732729377	324.054794324529	137.818214911606	104.724440431077	85.8156151971515	820.756240947717	18.4170119176326	0.328092256849316	150.52450170427	1376.66097800251	62.5276227095013	167.343898873698	3.61003997538818	91.3621784305569	116.499273076349	2590.87028947716	339.457592239016	160.611428265717	98.5841515628825	159.192120937482	793.304203854082	32.9155906271339	1.18662651607818	255.546522038864	4675.84806886416	121.675642750679	302.125315431261	4.26104496598823	175.905061562398	218.916862964395	1	0	1	15	23.2797140847739
16	1694	3178.57299770035	192.498859580757	90.7800415568914	198.849696541329	59.4140039159292	186.419123566624	14.2115814061132	0.846256715844832	1385.37712479148	2583.5686397181	589.723883110533	66.2942613824911	0.56074883775751	15.3513575656776	1175.25894057848	3580.93142873617	204.954773749338	131.800035950524	211.720070741452	79.5138990500396	232.551138975127	20.7626916542678	0.79692873326439	1250.46833028178	4839.10089180063	541.644134172512	142.431655652317	1.08764212981043	24.4715458288612	627.88952156266	1	0	1	16	5.52520748668843
17	4719	3701.32164379347	826.715396222944	275.961893608313	442.970006815066	136.834235551939	925.204980726894	322.782727975308	3.54665981526362	149.440613650629	1181.94165387169	113.220174817726	88.1532806321321	1.03793572032418	16.0297617670631	320.877535724404	4352.5042026364	882.887324068357	193.313532682414	606.182270122814	195.285681642371	915.384887453165	344.087173220406	6.17844017268173	337.49796874009	2424.48311106982	324.193318465409	119.187971876906	1.18345061025364	14.5428776937036	637.43661184053	1	0	1	17	13.2755987601018
18	15323	2916.84160130658	882.698944344215	287.932019737143	377.816725463535	84.8684528500132	665.184535063507	63.1991173646279	0.300573946302846	375.210235525213	3155.75372707258	245.636978563777	928.013789566779	0.585290757507399	25.9507516962635	453.498414865219	4122.00507939533	1264.64206810304	275.482773395683	322.258384690573	295.495412543851	901.624724367691	141.169270155227	5.44115285471794	523.344920868696	7917.36361550138	870.17930865222	2124.79738100753	0.847161037952551	48.4773926645391	784.317139103156	1	0	1	18	69.6517253930588
19	8877	142.673938924859	465.777642617303	21.1322026278035	50.4622477367974	6.7998422571905	26.7693238037559	24.8735857249367	3.18190757675561	805.932627217697	35.9643719490435	301.544576815683	148.992009530685	0.0650615933822984	1.31453742479793	1655.49834706993	382.830427941415	688.347112229367	92.8102086783985	118.608930242193	15.2264819542157	117.151171353963	87.1667431839473	18.6655656334708	594.140126941433	204.85063295732	617.7002914904	663.01451687239	0.397534980393469	6.51700738888158	1175.24301362789	1	0	1	19	24.4253021444188
2	6963	2350.1113430571	1890.41947244767	1419.00016711175	81.5895446860368	290.976880223377	1468.84983908308	903.685370208374	522.651313566335	1.13414165593519	236.099211093342	3.70276396785147	0.170124830829302	181.805433792525	85.1377339148968	9.99227615043787	1500.6737136501	3718.37846431996	1163.68292960659	102.38108916817	515.355668637005	899.835200593932	438.800709672614	466.469748598845	1.64836099257398	764.406166073801	6.87098455107596	0.0911829915796154	624.423550892858	285.389745343458	57.1692907557308	1	0	1	2	17.246456982211
3	24112	3808.36193883256	2122.28426166273	1639.42989150051	139.392933913005	1870.8991804029	1522.37202325796	1110.3430648373	907.477147615833	4.80480714031357	364.150309891275	3.2824796433308	0.27495876459665	554.337331547797	75.3490447771804	12.3458859338489	4960.45711960969	4835.99842174062	2472.34580898092	236.652569019788	2380.83325877694	845.313553891123	1001.32828174516	1120.96528833069	12.3101699297595	1749.02885229983	9.10053118081529	0.260359207415376	2615.83080425562	234.997804816781	91.5233135420604	1	0	1	3	88.7248888496242
4	14542	4155.58826973486	897.97235960711	974.236410798359	216.532357547466	943.355836084703	1337.12719138174	614.016532931037	160.528749985548	26.8564348481576	680.36559284551	6.77399898844353	3.10054855674579	711.605055354571	75.793744402911	15.3630943005685	5521.5815718001	2372.33168122181	1210.25715496896	336.311154562656	1410.18509084188	750.82555235909	521.785271138373	287.633358069337	45.5929737182383	2720.6534115673	15.5107488429029	15.5868394084647	1930.8591747327	255.202299400675	84.3907959521645	1	0	1	4	34.3046046190828
5	4895	4357.04218026004	665.741210656346	1141.51008373044	337.174330807427	609.135278821506	1255.48760803782	482.596677607689	71.6093192279471	57.1835949923871	729.920959894406	9.33093132626741	2.21888299498605	1596.63185687202	737.093384551301	7.20423073923137	5904.46826319797	2501.42396882104	1525.38280594094	458.756774368154	1031.29756227926	707.998620120954	462.350819466754	155.841408888609	84.6803893132954	2517.76043322022	21.0238633194634	15.3218482714986	9222.93236944512	3609.59286854247	36.6405153648039	1	0	1	5	26.6948325314013
6	50699	5249.84313837336	1462.10435503405	1365.60678884292	190.998982837591	915.872497655122	2237.14544864974	678.332302109486	298.400282224603	52.5053642952816	1212.91453971271	6.31399329038094	2.80375857192311	166.19777301833	117.664966568942	18.7414086375158	8384.30337914747	4755.09231262678	2148.14670301837	353.39194864847	1835.82456614587	2033.91524302552	907.732336313847	603.157408018066	120.058097770777	6619.42195880236	22.3084850937944	7.4669435460454	1365.26232450277	778.187855404198	118.407235499564	1	0	1	6	212.917578774071
7	6721	8750.37933565881	779.340875253015	719.91018499502	383.106925945655	697.454407577614	875.365678115194	190.878116008962	55.3801356784542	124.312587281196	2525.13680653763	42.0761941548451	8.31989295080569	191.984898115176	368.657979451683	54.2595856219135	10313.3793097393	3069.52500843087	880.39205472127	505.792647124144	1211.56984984599	685.488953712074	390.784304403911	201.50026548252	198.727714394463	8894.94622013873	56.935103574604	19.8592306489732	910.508000897698	1878.31613099908	175.056974104966	1	0	1	7	20.7436175667139
8	9174	3620.28368246464	397.429985119664	172.962423577744	189.48510576478	542.876633736824	532.725417238155	76.7027785618779	0.79529926263012	228.324894400613	222.019449301051	41.8916810614789	6.17392860604677	13.9076311261714	26.270227136379	95.2998057616676	2543.65259195014	1190.3221881305	255.12103841061	276.517523239738	441.257529179076	522.883032741356	105.295842402234	5.05117865207651	316.953642257975	2075.22323851345	58.6262656250132	20.743946585036	111.605382676685	197.248949758917	294.928656800923	1	0	1	8	13.7487180166346
9	47641	8076.18847410532	1029.9862297955	495.098363601704	497.564513529407	756.004125243937	602.099643176206	163.265921186852	52.6123671608902	278.730374837053	5080.68307487214	155.435007769139	5.46549227158126	115.457011436869	155.824703053733	167.363114272266	9440.01745942462	3312.08846933131	845.169323032387	594.764378229486	1021.46132141886	542.517419754061	439.721857468747	225.097244242365	425.27196792975	18554.1810075396	203.209153121935	16.9127548335755	825.507560633134	708.272985044156	345.9638141676	1	0	1	9	161.98105038021
